%Freq.	V(vout)
1.00000000000000e+000	4.99973176387176e-001,-2.09277489605453e-004
1.01157945425990e+000	4.99960135191955e-001,-3.89873430071933e-005
1.02329299228075e+000	5.00005897986387e-001,-3.94388865615117e-005
1.03514216667934e+000	4.99999282741132e-001,-1.13209825616047e-004
1.04712854805090e+000	4.99963215565529e-001,5.02234905494610e-005
1.05925372517729e+000	5.00029331906620e-001,-4.08247599113023e-005
1.07151930523761e+000	5.00028855513287e-001,-2.35890460766808e-005
1.08392691402120e+000	5.00006381808492e-001,-2.42715288548368e-005
1.09647819614319e+000	5.00017477838793e-001,4.42634713802994e-005
1.10917481526240e+000	5.00008337281955e-001,-2.56428278405175e-005
1.12201845430196e+000	5.00054323268352e-001,-1.44722707081086e-004
1.13501081567232e+000	4.99968360193587e-001,7.32521076418913e-005
1.14815362149688e+000	4.99974697049402e-001,-7.72968567897686e-005
1.16144861384034e+000	5.00011659946471e-001,3.69173488608312e-005
1.17489755493953e+000	4.99941633151778e-001,1.96888126202304e-004
1.18850222743702e+000	5.00014739375272e-001,-1.41593252980323e-004
1.20226443461741e+000	5.00009590916466e-001,-9.36808943337387e-005
1.21618600064637e+000	5.00040814762994e-001,-7.80785953378333e-005
1.23026877081238e+000	5.00023096036033e-001,-7.82619676393216e-005
1.24451461177139e+000	5.00012219236292e-001,-2.22737869304181e-006
1.25892541179417e+000	5.00021844608096e-001,-2.14311306612089e-004
1.27350308101666e+000	4.99998159963196e-001,-1.08674122197113e-004
1.28824955169314e+000	5.00007343315575e-001,-1.23290462564952e-004
1.30316677845230e+000	4.99985392482092e-001,-6.55120156096625e-006
1.31825673855641e+000	5.00024022839513e-001,7.87360661796404e-005
1.33352143216333e+000	5.00022332601249e-001,-2.64827740729984e-004
1.34896288259166e+000	5.00024804667832e-001,-2.38582816917588e-005
1.36458313658893e+000	5.00038764216688e-001,-1.08215793024381e-004
1.38038426460289e+000	5.00045723738933e-001,-2.04418998087925e-004
1.39636836105594e+000	5.00024690286786e-001,-1.35348728758501e-004
1.41253754462276e+000	5.00007505384634e-001,-1.41445421953429e-005
1.42889395851111e+000	5.00016386652834e-001,-9.49074751640154e-005
1.44543977074593e+000	5.00003619780049e-001,-4.25826540104322e-005
1.46217717445672e+000	5.00016097010287e-001,-1.34212880693905e-004
1.47910838816821e+000	5.00024842035251e-001,-1.98119199878339e-004
1.49623565609444e+000	4.99995935914980e-001,-8.30267355524059e-005
1.51356124843621e+000	5.00022142913790e-001,-2.33842205179213e-004
1.53108746168203e+000	5.00012685621463e-001,2.77364432457962e-005
1.54881661891249e+000	5.00021448177149e-001,-1.33198442014367e-004
1.56675107010815e+000	4.99981997288600e-001,-1.20927948248315e-004
1.58489319246112e+000	5.00011945147049e-001,2.27176003493814e-005
1.60324539069005e+000	5.00003169610013e-001,-1.80131922428426e-004
1.62181009735893e+000	5.00025051471223e-001,-1.21004649454770e-004
1.64058977319954e+000	5.00006398940228e-001,-1.09489611627531e-004
1.65958690743757e+000	4.99980808134046e-001,-8.68249036544203e-005
1.67880401812257e+000	4.99999419512434e-001,-5.34015163821286e-005
1.69824365246175e+000	5.00007711608780e-001,-7.66243894601352e-005
1.71790838715759e+000	5.00006777561573e-001,-1.09879750388579e-005
1.73780082874938e+000	5.00016797653796e-001,-2.33029943616795e-005
1.75792361395870e+000	5.00013817721375e-001,-2.08065103946289e-004
1.77827941003893e+000	4.99999806747089e-001,-2.58602069961173e-005
1.79887091512879e+000	5.00010707888885e-001,-1.74805182619858e-004
1.81970085860999e+000	4.99985247909830e-001,2.84660323086532e-006
1.84077200146896e+000	5.00011046653902e-001,-1.74019425457931e-004
1.86208713666287e+000	5.00023472262185e-001,-1.22716439504383e-004
1.88364908948981e+000	5.00012352348672e-001,-9.27435452513475e-005
1.90546071796325e+000	4.99984849848837e-001,-4.35692088758128e-005
1.92752491319094e+000	4.99985344159933e-001,-1.52339348955056e-005
1.94984459975805e+000	4.99986886006242e-001,-1.43258188653567e-004
1.97242273611486e+000	4.99999801365063e-001,9.32693114305110e-007
1.99526231496889e+000	5.00003662820387e-001,-5.78813980275232e-005
2.01836636368157e+000	5.00022418692305e-001,-5.89882316418411e-005
2.04173794466954e+000	4.99995317407118e-001,-1.62321277769007e-004
2.06538015581054e+000	5.00001621950344e-001,3.98179388088198e-005
2.08929613085405e+000	5.00008071561439e-001,-8.05237299740495e-005
2.11348903983666e+000	5.00008606428416e-001,-9.94107284755377e-005
2.13796208950224e+000	4.99997546188137e-001,-1.26770039215303e-004
2.16271852372703e+000	5.00001817833657e-001,-1.00898866614510e-004
2.18776162394956e+000	4.99998873673299e-001,-1.19007324756407e-004
2.21309470960565e+000	4.99997217936155e-001,-5.10035968461365e-005
2.23872113856835e+000	4.99982720401505e-001,-4.39115777740618e-005
2.26464430759307e+000	4.99996376502636e-001,-7.89041048115190e-005
2.29086765276778e+000	5.00005869572698e-001,-4.68819187278006e-005
2.31739464996849e+000	4.99995723587087e-001,-1.38436576234452e-004
2.34422881531993e+000	4.99992638329424e-001,-1.32447611637811e-006
2.37137370566167e+000	4.99991148685213e-001,-1.13907098411874e-005
2.39883291901950e+000	4.99993916235580e-001,-4.49998100967420e-005
2.42661009508243e+000	5.00002510411390e-001,-1.56073733687122e-004
2.45470891568504e+000	4.99987549415438e-001,-1.33250774941647e-004
2.48313310529558e+000	4.99988290964727e-001,-2.69399534050255e-005
2.51188643150959e+000	5.00004036293237e-001,-1.19470644509281e-004
2.54097270554932e+000	5.00005129156791e-001,-1.20332372018144e-004
2.57039578276888e+000	4.99991441625272e-001,-6.21607570484497e-005
2.60015956316529e+000	5.00007101181634e-001,-1.14806888971059e-004
2.63026799189540e+000	5.00000004070577e-001,-1.37439458255050e-004
2.66072505979882e+000	4.99991278245123e-001,-1.69821151905617e-005
2.69153480392693e+000	4.99996285061067e-001,1.99950656587739e-006
2.72270130807793e+000	5.00007914834189e-001,-1.88558655595147e-004
2.75422870333818e+000	5.00014143112676e-001,-2.64597462466359e-004
2.78612116862979e+000	5.00000273691686e-001,-4.60923666284028e-005
2.81838293126447e+000	5.00002974312990e-001,-1.08623460689796e-004
2.85101826750393e+000	4.99998336799516e-001,-1.29845311630206e-004
2.88403150312662e+000	5.00002988344622e-001,-7.16818450355153e-005
2.91742701400118e+000	5.00008828343041e-001,-1.77475497571966e-004
2.95120922666640e+000	5.00001302325791e-001,-1.78031117693792e-004
2.98538261891798e+000	5.00007039602642e-001,-1.34125989253628e-004
3.01995172040204e+000	5.00005506957602e-001,-5.98486769474338e-005
3.05492111321553e+000	4.99996948046202e-001,-1.61213280916677e-004
3.09029543251361e+000	4.99998072971258e-001,-7.61273560295324e-005
3.12607936712398e+000	4.99998311412442e-001,-1.32620692957225e-004
3.16227766016840e+000	4.99996185663124e-001,-1.15877909151157e-004
3.19889510969142e+000	5.00000682927912e-001,-1.47012951632132e-004
3.23593656929630e+000	5.00004268353236e-001,-1.07126744057154e-004
3.27340694878840e+000	5.00005539015332e-001,-1.84122154205507e-004
3.31131121482593e+000	5.00007105908225e-001,-2.47948125890675e-004
3.34965439157830e+000	4.99997029988810e-001,-1.34763249881917e-004
3.38844156139205e+000	4.99999122448279e-001,-1.75388035026139e-004
3.42767786546453e+000	4.99997846748940e-001,-1.65317015478045e-004
3.46736850452534e+000	5.00004491497945e-001,-1.22692275414139e-004
3.50751873952571e+000	4.99997218721203e-001,-1.13547060459004e-004
3.54813389233578e+000	4.99994803871020e-001,-1.52790244309473e-004
3.58921934645008e+000	5.00000306552584e-001,-1.85906692826511e-004
3.63078054770104e+000	5.00001967173351e-001,-1.66061977595257e-004
3.67282300498087e+000	4.99999516806705e-001,-2.19040062323141e-004
3.71535229097175e+000	5.00005842332249e-001,-2.04474026840764e-004
3.75837404288447e+000	4.99998664358234e-001,-1.70092215912358e-004
3.80189396320564e+000	4.99999146622983e-001,-1.36548366507051e-004
3.84591782045357e+000	4.99997762927629e-001,-1.43292567785382e-004
3.89045144994284e+000	4.99997461192377e-001,-1.79202283457644e-004
3.93550075455781e+000	4.99997904902125e-001,-1.27573943010219e-004
3.98107170553500e+000	4.99997129740604e-001,-1.10543572047219e-004
4.02717034325462e+000	4.99999176824510e-001,-1.55211428307580e-004
4.07380277804116e+000	4.99995813422443e-001,-1.52351488941188e-004
4.12097519097334e+000	5.00000348688967e-001,-1.81846512675719e-004
4.16869383470339e+000	4.99996618823906e-001,-1.10602861396509e-004
4.21696503428586e+000	5.00001414717112e-001,-1.94020512949004e-004
4.26579518801596e+000	4.99997949270422e-001,-1.95541512793814e-004
4.31519076827769e+000	5.00002785409486e-001,-2.01486294806712e-004
4.36515832240170e+000	4.99999953710174e-001,-1.63891437378291e-004
4.41570447353316e+000	4.99999995440389e-001,-1.91669213522939e-004
4.46683592150967e+000	5.00000911115102e-001,-1.67909072949694e-004
4.51855944374926e+000	4.99996595600016e-001,-1.40559741066165e-004
4.57088189614879e+000	5.00003287971513e-001,-2.09373326448952e-004
4.62381021399265e+000	4.99998024329638e-001,-1.70000056414391e-004
4.67735141287203e+000	5.00001732665513e-001,-1.96495394820066e-004
4.73151258961485e+000	4.99998696083216e-001,-1.86367373188040e-004
4.78630092322643e+000	4.99998315996719e-001,-1.76541214371708e-004
4.84172367584104e+000	5.00001372589722e-001,-1.59174859796892e-004
4.89778819368451e+000	4.99998456962961e-001,-2.04260799461990e-004
4.95450190804795e+000	5.00000328574260e-001,-2.10098730349967e-004
5.01187233627277e+000	5.00000953610550e-001,-2.27233073332360e-004
5.06990708274709e+000	4.99997502179749e-001,-1.80430814662215e-004
5.12861383991370e+000	4.99998830609539e-001,-2.27257178890993e-004
5.18800038928966e+000	5.00000736049713e-001,-2.25550417988648e-004
5.24807460249778e+000	4.99997844144068e-001,-2.16726934292217e-004
5.30884444230994e+000	5.00001446265984e-001,-2.61789608646592e-004
5.37031796370258e+000	4.99999286812140e-001,-2.06977757550329e-004
5.43250331492439e+000	4.99998723526119e-001,-2.65253366624785e-004
5.49540873857630e+000	5.00000152578947e-001,-2.01441413600917e-004
5.55904257270409e+000	5.00001679735806e-001,-2.41555217479804e-004
5.62341325190355e+000	5.00000682951333e-001,-1.86367258328511e-004
5.68852930843847e+000	4.99998624410807e-001,-2.55929656320379e-004
5.75439937337163e+000	5.00000401418198e-001,-2.94316649414850e-004
5.82103217770877e+000	5.00000245964329e-001,-2.37386108298273e-004
5.88843655355595e+000	5.00000555719325e-001,-2.39834723721206e-004
5.95662143529017e+000	4.99998190619676e-001,-2.20019073063608e-004
6.02559586074364e+000	4.99998813413059e-001,-2.66868305252905e-004
6.09536897240176e+000	5.00000256831349e-001,-2.44259905467927e-004
6.16595001861489e+000	5.00000831685254e-001,-2.68412568229966e-004
6.23734835482426e+000	4.99998565030822e-001,-2.06934384461321e-004
6.30957344480200e+000	4.99998909696800e-001,-2.52198508114355e-004
6.38263486190556e+000	4.99999827237910e-001,-2.43020914404565e-004
6.45654229034662e+000	5.00001318399996e-001,-2.69411800833384e-004
6.53130552647479e+000	4.99999027729508e-001,-2.72057609085325e-004
6.60693448007603e+000	4.99999216694636e-001,-2.80482925811435e-004
6.68343917568622e+000	4.99999890355947e-001,-2.91652058052056e-004
6.76082975391989e+000	4.99999333104676e-001,-2.57763255283892e-004
6.83911647281437e+000	4.99999974859827e-001,-2.71909236895564e-004
6.91830970918944e+000	4.99999745567294e-001,-2.63896573190467e-004
6.99841996002281e+000	4.99998911858477e-001,-2.42616580785501e-004
7.07945784384146e+000	4.99999881825391e-001,-2.83569666195532e-004
7.16143410212910e+000	5.00000233157614e-001,-3.10450100344198e-004
7.24435960074998e+000	5.00000337402293e-001,-2.79205286097847e-004
7.32824533138912e+000	5.00000743055959e-001,-2.90205327968246e-004
7.41310241300926e+000	5.00000626029987e-001,-3.29217947965526e-004
7.49894209332465e+000	5.00000173986803e-001,-3.16847804271129e-004
7.58577575029193e+000	5.00000215460478e-001,-3.37383592541224e-004
7.67361489361828e+000	4.99999328457009e-001,-2.95749225115776e-004
7.76247116628701e+000	4.99998898919896e-001,-3.06506303873817e-004
7.85235634610081e+000	4.99999060021139e-001,-3.12302822542448e-004
7.94328234724291e+000	5.00000055934916e-001,-3.25250710559704e-004
8.03526122185627e+000	5.00000284299169e-001,-3.21493420988875e-004
8.12830516164109e+000	4.99997931706388e-001,-3.03936892005590e-004
8.22242649947081e+000	4.99999604656612e-001,-3.28438188742065e-004
8.31763771102681e+000	5.00000463104222e-001,-3.29694659073984e-004
8.41395141645205e+000	4.99999980793042e-001,-3.49086653392613e-004
8.51138038202387e+000	4.99998534973169e-001,-3.50328515086210e-004
8.60993752184611e+000	4.99998769693344e-001,-3.38446832188787e-004
8.70963589956092e+000	5.00000249227296e-001,-3.57462213882271e-004
8.81048873008025e+000	5.00000357569741e-001,-3.56792989027667e-004
8.91250938133757e+000	4.99999753547299e-001,-3.37111177207567e-004
9.01571137605968e+000	5.00000358227733e-001,-3.89563318167650e-004
9.12010839355921e+000	4.99999610286229e-001,-3.51498594862590e-004
9.22571427154775e+000	5.00000058576797e-001,-3.88472905783412e-004
9.33254300797003e+000	4.99999340828339e-001,-3.55620130390625e-004
9.44060876285936e+000	4.99999749190095e-001,-3.91986769281422e-004
9.54992586021448e+000	4.99999855686698e-001,-3.70050913809369e-004
9.66050878989826e+000	4.99999833842760e-001,-3.95893606844621e-004
9.77237220955824e+000	5.00000049403003e-001,-4.07701039358369e-004
9.88553094656952e+000	4.99999290732228e-001,-4.09787413993541e-004
1.00000000000001e+001	4.99999441159863e-001,-3.89205087760151e-004
1.01157945425991e+001	4.99999396305108e-001,-4.16131139970309e-004
1.02329299228077e+001	4.99999371511261e-001,-3.98096085465982e-004
1.03514216667936e+001	5.00000191543751e-001,-4.31946322250379e-004
1.04712854805091e+001	4.99998908915604e-001,-4.09009997931039e-004
1.05925372517730e+001	5.00000309398763e-001,-4.38697060245107e-004
1.07151930523762e+001	4.99999081256128e-001,-4.20057394505963e-004
1.08392691402122e+001	4.99999452059871e-001,-4.33510172133631e-004
1.09647819614320e+001	4.99999335465084e-001,-4.29515590120108e-004
1.10917481526242e+001	4.99999412732109e-001,-4.63408711439222e-004
1.12201845430198e+001	4.99999880516725e-001,-4.62874817997404e-004
1.13501081567233e+001	4.99999745831757e-001,-4.57504235144449e-004
1.14815362149690e+001	4.99999288744087e-001,-4.68949782523421e-004
1.16144861384036e+001	5.00000063624378e-001,-4.75404792498156e-004
1.17489755493955e+001	4.99999798940362e-001,-4.88344443038406e-004
1.18850222743704e+001	4.99999881868899e-001,-4.88392101811828e-004
1.20226443461743e+001	4.99999691646372e-001,-4.69677722437243e-004
1.21618600064639e+001	4.99999742136057e-001,-4.92131190544310e-004
1.23026877081240e+001	4.99999885212230e-001,-4.95748844006850e-004
1.24451461177140e+001	4.99999272641817e-001,-5.07090169532099e-004
1.25892541179419e+001	4.99999953038838e-001,-5.13837253419944e-004
1.27350308101668e+001	4.99999533274668e-001,-5.08699193993930e-004
1.28824955169315e+001	4.99999609783375e-001,-4.93559418772972e-004
1.30316677845232e+001	4.99999135382915e-001,-5.19724898778596e-004
1.31825673855643e+001	4.99999783143262e-001,-5.23901576919912e-004
1.33352143216334e+001	4.99999373834315e-001,-5.31026257887372e-004
1.34896288259167e+001	4.99999613753276e-001,-5.52253278760640e-004
1.36458313658895e+001	4.99999744048092e-001,-5.67635799569144e-004
1.38038426460291e+001	4.99999642498417e-001,-5.70499330838159e-004
1.39636836105596e+001	4.99999305253035e-001,-5.88447660804377e-004
1.41253754462278e+001	4.99999343080855e-001,-5.79329135541977e-004
1.42889395851113e+001	4.99999881679068e-001,-5.89216777878634e-004
1.44543977074595e+001	4.99999699567727e-001,-5.99090686705820e-004
1.46217717445674e+001	4.99999471781682e-001,-5.90787374143374e-004
1.47910838816823e+001	4.99999604048399e-001,-5.95718220085001e-004
1.49623565609446e+001	4.99999291726627e-001,-6.08365705270411e-004
1.51356124843623e+001	4.99999592978858e-001,-6.25961993499788e-004
1.53108746168206e+001	4.99999621280287e-001,-6.27272245322409e-004
1.54881661891251e+001	4.99999407653973e-001,-6.26329772519392e-004
1.56675107010817e+001	4.99999434370636e-001,-6.46225933772431e-004
1.58489319246114e+001	4.99999623516732e-001,-6.52732968204039e-004
1.60324539069007e+001	4.99999295926671e-001,-6.34475136212106e-004
1.62181009735896e+001	4.99999359602905e-001,-6.62497817246807e-004
1.64058977319957e+001	4.99999437123373e-001,-6.61211974254622e-004
1.65958690743759e+001	4.99999409239679e-001,-6.69345948331227e-004
1.67880401812259e+001	4.99999144997508e-001,-6.82062804837738e-004
1.69824365246177e+001	4.99999359668941e-001,-6.86919647435535e-004
1.71790838715762e+001	4.99999203272447e-001,-6.91918932009269e-004
1.73780082874941e+001	4.99999551564483e-001,-7.01427929583222e-004
1.75792361395872e+001	4.99999118678091e-001,-7.08820991420191e-004
1.77827941003895e+001	4.99999449537580e-001,-7.31244918318636e-004
1.79887091512882e+001	4.99999498216625e-001,-7.20725975609666e-004
1.81970085861002e+001	4.99999276746044e-001,-7.30525394259006e-004
1.84077200146899e+001	4.99999415288960e-001,-7.41404357508358e-004
1.86208713666290e+001	4.99999489435525e-001,-7.46196990752217e-004
1.88364908948983e+001	4.99999402571737e-001,-7.64252949935669e-004
1.90546071796328e+001	4.99999342429202e-001,-7.72221233207335e-004
1.92752491319097e+001	4.99999244043726e-001,-7.78323268908637e-004
1.94984459975808e+001	4.99999422382097e-001,-7.97223351189667e-004
1.97242273611489e+001	4.99999186182514e-001,-7.91935038663705e-004
1.99526231496892e+001	4.99998861663400e-001,-8.20342918405662e-004
2.01836636368160e+001	4.99999093195976e-001,-8.27719718207850e-004
2.04173794466957e+001	4.99999072015020e-001,-8.17572177956331e-004
2.06538015581057e+001	4.99999205201612e-001,-8.24495911848390e-004
2.08929613085408e+001	4.99999189430029e-001,-8.47008803128360e-004
2.11348903983669e+001	4.99999025681657e-001,-8.54957107697554e-004
2.13796208950227e+001	4.99999294169036e-001,-8.68364018977731e-004
2.16271852372706e+001	4.99999063828414e-001,-8.82661030817216e-004
2.18776162394959e+001	4.99999205232727e-001,-8.87414460122529e-004
2.21309470960568e+001	4.99999039381442e-001,-8.99243670102202e-004
2.23872113856838e+001	4.99999111363233e-001,-9.08590451222857e-004
2.26464430759310e+001	4.99998930616860e-001,-9.18057606051255e-004
2.29086765276782e+001	4.99998892298010e-001,-9.36756592122791e-004
2.31739464996852e+001	4.99998964454108e-001,-9.36539634395345e-004
2.34422881531997e+001	4.99998960140216e-001,-9.58525185590288e-004
2.37137370566170e+001	4.99998941665990e-001,-9.61956513614897e-004
2.39883291901954e+001	4.99998965862494e-001,-9.72780992187956e-004
2.42661009508246e+001	4.99998879473705e-001,-9.91534801834008e-004
2.45470891568508e+001	4.99998942840788e-001,-9.97855427212219e-004
2.48313310529562e+001	4.99998908840513e-001,-1.00439727070254e-003
2.51188643150963e+001	4.99998725256538e-001,-1.02173467583484e-003
2.54097270554935e+001	4.99998797496146e-001,-1.03009094529096e-003
2.57039578276891e+001	4.99998815683105e-001,-1.04749283108039e-003
2.60015956316532e+001	4.99998689426935e-001,-1.06269152313590e-003
2.63026799189543e+001	4.99998694655400e-001,-1.07288104320738e-003
2.66072505979886e+001	4.99998678408784e-001,-1.09036004289096e-003
2.69153480392697e+001	4.99998606916930e-001,-1.09655730018623e-003
2.72270130807797e+001	4.99998672758127e-001,-1.11276924718385e-003
2.75422870333822e+001	4.99998560458294e-001,-1.11937230815220e-003
2.78612116862983e+001	4.99998569245171e-001,-1.13849233319309e-003
2.81838293126451e+001	4.99998508355642e-001,-1.13739539587320e-003
2.85101826750397e+001	4.99998571567186e-001,-1.15803889903327e-003
2.88403150312667e+001	4.99998503598215e-001,-1.17140026713380e-003
2.91742701400123e+001	4.99998422349810e-001,-1.19529178739246e-003
2.95120922666645e+001	4.99998422235822e-001,-1.19850003501886e-003
2.98538261891802e+001	4.99998435693387e-001,-1.22114005786829e-003
3.01995172040208e+001	4.99998379207524e-001,-1.22925808107026e-003
3.05492111321558e+001	4.99998376563132e-001,-1.23515610224987e-003
3.09029543251366e+001	4.99998304519611e-001,-1.25610985301486e-003
3.12607936712402e+001	4.99998284577484e-001,-1.27522557779458e-003
3.16227766016845e+001	4.99998170762861e-001,-1.27997122843825e-003
3.19889510969147e+001	4.99998106771591e-001,-1.30346618393297e-003
3.23593656929635e+001	4.99998134876732e-001,-1.30872601905661e-003
3.27340694878845e+001	4.99998022641118e-001,-1.33289558815564e-003
3.31131121482598e+001	4.99998080192940e-001,-1.34382336759586e-003
3.34965439157835e+001	4.99998033331187e-001,-1.36519058294869e-003
3.38844156139210e+001	4.99997983766474e-001,-1.38096994520766e-003
3.42767786546458e+001	4.99997897972853e-001,-1.39191201489617e-003
3.46736850452539e+001	4.99997863974294e-001,-1.40968123221063e-003
3.50751873952576e+001	4.99997800935390e-001,-1.41349784422291e-003
3.54813389233583e+001	4.99997789095899e-001,-1.44074413253224e-003
3.58921934645013e+001	4.99997780516755e-001,-1.46525517129532e-003
3.63078054770109e+001	4.99997647954309e-001,-1.47458723338899e-003
3.67282300498093e+001	4.99997574230135e-001,-1.49716142951019e-003
3.71535229097181e+001	4.99997542826146e-001,-1.51159702141674e-003
3.75837404288453e+001	4.99997545377934e-001,-1.52171318161779e-003
3.80189396320570e+001	4.99997466226118e-001,-1.54413571046019e-003
3.84591782045362e+001	4.99997438811603e-001,-1.56217363929858e-003
3.89045144994289e+001	4.99997343774875e-001,-1.57842247714566e-003
3.93550075455786e+001	4.99997281596481e-001,-1.59921937419088e-003
3.98107170553506e+001	4.99997204789427e-001,-1.61917519105880e-003
4.02717034325468e+001	4.99997191365588e-001,-1.63502875300798e-003
4.07380277804122e+001	4.99997130447229e-001,-1.65065498828629e-003
4.12097519097340e+001	4.99997061326890e-001,-1.67481928798501e-003
4.16869383470345e+001	4.99996958867994e-001,-1.69176456712898e-003
4.21696503428592e+001	4.99996914012405e-001,-1.71389364409141e-003
4.26579518801603e+001	4.99996813964040e-001,-1.73214338800519e-003
4.31519076827775e+001	4.99996780030348e-001,-1.75061250350194e-003
4.36515832240176e+001	4.99996716392101e-001,-1.77147674023464e-003
4.41570447353323e+001	4.99996665586787e-001,-1.79337506793671e-003
4.46683592150974e+001	4.99996574830746e-001,-1.81330818987772e-003
4.51855944374933e+001	4.99996485476244e-001,-1.83345232070056e-003
4.57088189614886e+001	4.99996395037921e-001,-1.85505570789294e-003
4.62381021399271e+001	4.99996309601040e-001,-1.88013026468861e-003
4.67735141287209e+001	4.99996238541897e-001,-1.89355844590918e-003
4.73151258961492e+001	4.99996149771044e-001,-1.91940734987142e-003
4.78630092322650e+001	4.99996061569118e-001,-1.93823700730234e-003
4.84172367584111e+001	4.99995982040007e-001,-1.96087769658430e-003
4.89778819368458e+001	4.99995863265159e-001,-1.99418326662728e-003
4.95450190804802e+001	4.99995808124940e-001,-2.00792885848907e-003
5.01187233627284e+001	4.99995680363534e-001,-2.03269888558391e-003
5.06990708274717e+001	4.99995613360082e-001,-2.05690275369006e-003
5.12861383991377e+001	4.99995513510199e-001,-2.08131030308656e-003
5.18800038928974e+001	4.99995376927063e-001,-2.10885121037942e-003
5.24807460249785e+001	4.99995295566399e-001,-2.12858349530175e-003
5.30884444231001e+001	4.99995197659652e-001,-2.15615287431270e-003
5.37031796370266e+001	4.99995075868099e-001,-2.17823193941980e-003
5.43250331492447e+001	4.99994982196242e-001,-2.20514807665030e-003
5.49540873857638e+001	4.99994844417452e-001,-2.23087898238003e-003
5.55904257270417e+001	4.99994749450079e-001,-2.25888979134786e-003
5.62341325190363e+001	4.99994630492149e-001,-2.28202911258057e-003
5.68852930843856e+001	4.99994514169635e-001,-2.30647927960941e-003
5.75439937337171e+001	4.99994386849346e-001,-2.33451688288084e-003
5.82103217770886e+001	4.99994252852860e-001,-2.36440249725172e-003
5.88843655355604e+001	4.99994153639214e-001,-2.39092967892861e-003
5.95662143529025e+001	4.99993977459832e-001,-2.41741070094509e-003
6.02559586074373e+001	4.99993844911120e-001,-2.44386062981962e-003
6.09536897240185e+001	4.99993714064247e-001,-2.47060547040124e-003
6.16595001861498e+001	4.99993564646062e-001,-2.50195695984359e-003
6.23734835482435e+001	4.99993438698663e-001,-2.52712473065624e-003
6.30957344480209e+001	4.99993268009449e-001,-2.56257153633052e-003
6.38263486190565e+001	4.99993103924192e-001,-2.59309692024107e-003
6.45654229034672e+001	4.99992967090642e-001,-2.61829380337419e-003
6.53130552647489e+001	4.99992798732404e-001,-2.65259303431268e-003
6.60693448007613e+001	4.99992650737375e-001,-2.68220150804957e-003
6.68343917568632e+001	4.99992470399246e-001,-2.71467410473005e-003
6.76082975391999e+001	4.99992272732063e-001,-2.74543751985664e-003
6.83911647281447e+001	4.99992118059394e-001,-2.78039054208747e-003
6.91830970918954e+001	4.99991946708211e-001,-2.80870912045206e-003
6.99841996002292e+001	4.99991761170801e-001,-2.83958142989716e-003
7.07945784384156e+001	4.99991579010675e-001,-2.87159664386217e-003
7.16143410212921e+001	4.99991348247402e-001,-2.91003032682746e-003
7.24435960075009e+001	4.99991154211815e-001,-2.94315465607368e-003
7.32824533138923e+001	4.99990974768120e-001,-2.97479047411612e-003
7.41310241300937e+001	4.99990747810807e-001,-3.01293918385016e-003
7.49894209332476e+001	4.99990561066883e-001,-3.04246700495742e-003
7.58577575029204e+001	4.99990366071953e-001,-3.07569030449173e-003
7.67361489361840e+001	4.99990120972408e-001,-3.11670414102461e-003
7.76247116628713e+001	4.99989887487084e-001,-3.15181567043404e-003
7.85235634610093e+001	4.99989669859070e-001,-3.18704144140521e-003
7.94328234724303e+001	4.99989422307674e-001,-3.22693337144456e-003
8.03526122185639e+001	4.99989181363704e-001,-3.26166823802538e-003
8.12830516164121e+001	4.99988924963881e-001,-3.30007609253210e-003
8.22242649947094e+001	4.99988671813660e-001,-3.33881920881058e-003
8.31763771102694e+001	4.99988410501112e-001,-3.37607909443323e-003
8.41395141645218e+001	4.99988156120685e-001,-3.41620910164688e-003
8.51138038202400e+001	4.99987871856443e-001,-3.45690057196192e-003
8.60993752184624e+001	4.99987622994016e-001,-3.49220283221595e-003
8.70963589956105e+001	4.99987321968978e-001,-3.53495396285317e-003
8.81048873008038e+001	4.99987026237312e-001,-3.57544403661925e-003
8.91250938133770e+001	4.99986715531379e-001,-3.61887826310780e-003
9.01571137605982e+001	4.99986406555593e-001,-3.66243954728763e-003
9.12010839355935e+001	4.99986100609595e-001,-3.70281401639235e-003
9.22571427154789e+001	4.99985776930006e-001,-3.74630003004469e-003
9.33254300797017e+001	4.99985441864453e-001,-3.78935575744496e-003
9.44060876285950e+001	4.99985135510148e-001,-3.83040846026843e-003
9.54992586021463e+001	4.99984774575982e-001,-3.87749458129516e-003
9.66050878989841e+001	4.99984404664390e-001,-3.92532274802853e-003
9.77237220955838e+001	4.99984071337435e-001,-3.96728658938839e-003
9.88553094656967e+001	4.99983678690537e-001,-4.01685069827496e-003
1.00000000000003e+002	4.99983324104202e-001,-4.05973719454341e-003
1.01157945425993e+002	4.99982932828629e-001,-4.10782447883129e-003
1.02329299228078e+002	4.99982534367765e-001,-4.15576610983995e-003
1.03514216667937e+002	4.99982140480130e-001,-4.20358913369184e-003
1.04712854805093e+002	4.99981730869057e-001,-4.25113903332705e-003
1.05925372517732e+002	4.99981311707926e-001,-4.29952299740047e-003
1.07151930523764e+002	4.99980883046469e-001,-4.34891314997463e-003
1.08392691402123e+002	4.99980421174103e-001,-4.40227445643432e-003
1.09647819614322e+002	4.99979982106228e-001,-4.45170798771975e-003
1.10917481526243e+002	4.99979517587550e-001,-4.50318733250503e-003
1.12201845430200e+002	4.99979051979041e-001,-4.55463807418612e-003
1.13501081567235e+002	4.99978551158516e-001,-4.60909476536902e-003
1.14815362149692e+002	4.99978056424365e-001,-4.66201769548825e-003
1.16144861384038e+002	4.99977544657060e-001,-4.71642450595385e-003
1.17489755493956e+002	4.99977033102698e-001,-4.77067507051107e-003
1.18850222743705e+002	4.99976500145137e-001,-4.82591784700458e-003
1.20226443461745e+002	4.99975967552654e-001,-4.88056689161600e-003
1.21618600064640e+002	4.99975392493310e-001,-4.93903713472038e-003
1.23026877081242e+002	4.99974839263380e-001,-4.99459315283428e-003
1.24451461177142e+002	4.99974241231103e-001,-5.05391677000852e-003
1.25892541179420e+002	4.99973667273557e-001,-5.11012473373514e-003
1.27350308101670e+002	4.99973021181545e-001,-5.17258801654693e-003
1.28824955169317e+002	4.99972419542838e-001,-5.23081128358318e-003
1.30316677845234e+002	4.99971778723403e-001,-5.29151876854682e-003
1.31825673855645e+002	4.99971111334115e-001,-5.35422264673175e-003
1.33352143216336e+002	4.99970453341005e-001,-5.41504177645471e-003
1.34896288259169e+002	4.99969800012757e-001,-5.47449154216306e-003
1.36458313658897e+002	4.99969092418294e-001,-5.53848872251479e-003
1.38038426460293e+002	4.99968356672168e-001,-5.60470921487815e-003
1.39636836105598e+002	4.99967638360129e-001,-5.66807946412880e-003
1.41253754462280e+002	4.99966874688500e-001,-5.73490580478770e-003
1.42889395851115e+002	4.99966119114499e-001,-5.80032111881534e-003
1.44543977074597e+002	4.99965323107319e-001,-5.86821134766622e-003
1.46217717445676e+002	4.99964494539506e-001,-5.93813434976620e-003
1.47910838816825e+002	4.99963703086321e-001,-6.00440813641048e-003
1.49623565609448e+002	4.99962866952696e-001,-6.07352998825240e-003
1.51356124843625e+002	4.99961983461189e-001,-6.14531062033097e-003
1.53108746168208e+002	4.99961100787499e-001,-6.21671803387863e-003
1.54881661891253e+002	4.99960191613913e-001,-6.28926813793468e-003
1.56675107010820e+002	4.99959274473897e-001,-6.36162354969286e-003
1.58489319246116e+002	4.99958336778702e-001,-6.43454335790581e-003
1.60324539069009e+002	4.99957360302697e-001,-6.50981835387296e-003
1.62181009735898e+002	4.99956378824904e-001,-6.58471248079138e-003
1.64058977319959e+002	4.99955374259136e-001,-6.66031489808933e-003
1.65958690743761e+002	4.99954331154367e-001,-6.73800943199647e-003
1.67880401812261e+002	4.99953265425538e-001,-6.81629174181294e-003
1.69824365246180e+002	4.99952204557043e-001,-6.89350244275348e-003
1.71790838715764e+002	4.99951091532627e-001,-6.97347061398804e-003
1.73780082874943e+002	4.99949945772601e-001,-7.05504818597078e-003
1.75792361395875e+002	4.99948773079465e-001,-7.13757040842122e-003
1.77827941003898e+002	4.99947598639572e-001,-7.21890929363063e-003
1.79887091512885e+002	4.99946366343555e-001,-7.30367950452472e-003
1.81970085861004e+002	4.99945121975560e-001,-7.38794540727010e-003
1.84077200146901e+002	4.99943874737196e-001,-7.47186689369008e-003
1.86208713666293e+002	4.99942546726211e-001,-7.55987771039977e-003
1.88364908948986e+002	4.99941229084066e-001,-7.64633905521980e-003
1.90546071796331e+002	4.99939854506755e-001,-7.73542739506381e-003
1.92752491319100e+002	4.99938427621706e-001,-7.82689791243124e-003
1.94984459975811e+002	4.99937033604471e-001,-7.91526177688731e-003
1.97242273611492e+002	4.99935520900327e-001,-8.00990226038933e-003
1.99526231496894e+002	4.99934065293289e-001,-8.10009284078526e-003
2.01836636368163e+002	4.99932526014111e-001,-8.19420725230400e-003
2.04173794466960e+002	4.99930934840497e-001,-8.29057627253116e-003
2.06538015581060e+002	4.99929350113428e-001,-8.38530897658018e-003
2.08929613085411e+002	4.99927700605175e-001,-8.48286529542507e-003
2.11348903983672e+002	4.99926012961294e-001,-8.58139914562361e-003
2.13796208950230e+002	4.99924287268215e-001,-8.68118945518230e-003
2.16271852372709e+002	4.99922544796159e-001,-8.78066077901686e-003
2.18776162394962e+002	4.99920746124503e-001,-8.88221294833680e-003
2.21309470960571e+002	4.99918901246302e-001,-8.98513704648843e-003
2.23872113856841e+002	4.99917024037496e-001,-9.08875670221075e-003
2.26464430759313e+002	4.99915080528425e-001,-9.19477269603618e-003
2.29086765276785e+002	4.99913125740032e-001,-9.30017102645958e-003
2.31739464996856e+002	4.99911081999956e-001,-9.40911664342170e-003
2.34422881532000e+002	4.99908991909737e-001,-9.51919185788688e-003
2.37137370566173e+002	4.99906908840918e-001,-9.62768850404288e-003
2.39883291901957e+002	4.99904744534719e-001,-9.73914167330975e-003
2.42661009508250e+002	4.99902529760899e-001,-9.85186122286041e-003
2.45470891568511e+002	4.99900270716232e-001,-9.96554774462548e-003
2.48313310529565e+002	4.99897941557015e-001,-1.00814445542375e-002
2.51188643150966e+002	4.99895568374207e-001,-1.01980951767821e-002
2.54097270554939e+002	4.99893142265826e-001,-1.03161261215794e-002
2.57039578276895e+002	4.99890677321302e-001,-1.04345861967042e-002
2.60015956316536e+002	4.99888102034570e-001,-1.05568736412044e-002
2.63026799189547e+002	4.99885499605658e-001,-1.06790192892570e-002
2.66072505979890e+002	4.99882857968880e-001,-1.08017269710877e-002
2.69153480392701e+002	4.99880121299864e-001,-1.09272915849532e-002
2.72270130807801e+002	4.99877345252299e-001,-1.10532353916806e-002
2.75422870333826e+002	4.99874470124704e-001,-1.11821539221321e-002
2.78612116862987e+002	4.99871555695927e-001,-1.13113497732669e-002
2.81838293126455e+002	4.99868587397354e-001,-1.14414800370041e-002
2.85101826750401e+002	4.99865519949702e-001,-1.15743715524689e-002
2.88403150312671e+002	4.99862364413892e-001,-1.17094660311650e-002
2.91742701400127e+002	4.99859165032713e-001,-1.18449299753967e-002
2.95120922666649e+002	4.99855889729152e-001,-1.19819715595950e-002
2.98538261891806e+002	4.99852536026656e-001,-1.21207284586477e-002
3.01995172040212e+002	4.99849129232918e-001,-1.22600765433434e-002
3.05492111321562e+002	4.99845614654600e-001,-1.24021733953972e-002
3.09029543251370e+002	4.99842020672816e-001,-1.25458255107492e-002
3.12607936712407e+002	4.99838332593435e-001,-1.26915328320573e-002
3.16227766016849e+002	4.99834598964716e-001,-1.28373732518244e-002
3.19889510969151e+002	4.99830735011269e-001,-1.29865551750364e-002
3.23593656929640e+002	4.99826799595120e-001,-1.31367476202751e-002
3.27340694878850e+002	4.99822764490942e-001,-1.32890301159638e-002
3.31131121482603e+002	4.99818635563978e-001,-1.34430015610037e-002
3.34965439157840e+002	4.99814416539998e-001,-1.35985633491086e-002
3.38844156139215e+002	4.99810085520432e-001,-1.37564062465389e-002
3.42767786546463e+002	4.99805658672359e-001,-1.39159173923408e-002
3.46736850452544e+002	4.99801136877014e-001,-1.40769503494059e-002
3.50751873952581e+002	4.99796507315452e-001,-1.42399616172729e-002
3.54813389233588e+002	4.99791789082716e-001,-1.44042115790578e-002
3.58921934645018e+002	4.99786951934892e-001,-1.45706870101678e-002
3.63078054770114e+002	4.99781975539049e-001,-1.47399131484729e-002
3.67282300498098e+002	4.99776916048865e-001,-1.49100670727126e-002
3.71535229097186e+002	4.99771709633829e-001,-1.50830869489389e-002
3.75837404288458e+002	4.99766402703763e-001,-1.52574918485942e-002
3.80189396320575e+002	4.99760957641945e-001,-1.54343646817909e-002
3.84591782045368e+002	4.99755392090949e-001,-1.56130626949461e-002
3.89045144994295e+002	4.99749737971065e-001,-1.57925832523050e-002
3.93550075455792e+002	4.99743890298387e-001,-1.59760691842938e-002
3.98107170553512e+002	4.99737912843651e-001,-1.61614692792393e-002
4.02717034325474e+002	4.99731814385719e-001,-1.63484749741108e-002
4.07380277804128e+002	4.99725601626010e-001,-1.65368398664248e-002
4.12097519097345e+002	4.99719173923409e-001,-1.67294153483231e-002
4.16869383470351e+002	4.99712661889310e-001,-1.69223240001746e-002
4.21696503428598e+002	4.99705931657075e-001,-1.71193801201578e-002
4.26579518801609e+002	4.99699128518992e-001,-1.73163526986573e-002
4.31519076827781e+002	4.99692112751626e-001,-1.75171194394587e-002
4.36515832240182e+002	4.99684955208651e-001,-1.77196018572393e-002
4.41570447353329e+002	4.99677611635889e-001,-1.79249540928445e-002
4.46683592150980e+002	4.99670094413840e-001,-1.81327495499418e-002
4.51855944374939e+002	4.99662418980697e-001,-1.83424982305372e-002
4.57088189614892e+002	4.99654549675974e-001,-1.85550623225967e-002
4.62381021399278e+002	4.99646505746144e-001,-1.87698707421933e-002
4.67735141287216e+002	4.99638284115885e-001,-1.89869072298176e-002
4.73151258961498e+002	4.99629880181372e-001,-1.92062377340950e-002
4.78630092322656e+002	4.99621268689113e-001,-1.94284026996195e-002
4.84172367584118e+002	4.99612422755923e-001,-1.96539584437410e-002
4.89778819368465e+002	4.99603422038563e-001,-1.98808800818165e-002
4.95450190804809e+002	4.99594178635402e-001,-2.01112193795860e-002
5.01187233627291e+002	4.99584731499037e-001,-2.03439453893067e-002
5.06990708274724e+002	4.99575061998054e-001,-2.05794227222668e-002
5.12861383991384e+002	4.99565185997312e-001,-2.08171870051511e-002
5.18800038928981e+002	4.99555054404681e-001,-2.10582962019404e-002
5.24807460249793e+002	4.99544703223156e-001,-2.13018089799587e-002
5.30884444231009e+002	4.99534077180430e-001,-2.15489017711804e-002
5.37031796370273e+002	4.99523255894313e-001,-2.17976948473160e-002
5.43250331492454e+002	4.99512165152507e-001,-2.20497494313518e-002
5.49540873857646e+002	4.99500804228460e-001,-2.23049691156412e-002
5.55904257270425e+002	4.99489176251815e-001,-2.25631949070731e-002
5.62341325190371e+002	4.99477280373520e-001,-2.28243438967516e-002
5.68852930843864e+002	4.99465080287912e-001,-2.30890728022360e-002
5.75439937337179e+002	4.99452633123492e-001,-2.33560969163765e-002
5.82103217770894e+002	4.99439892720903e-001,-2.36262781649253e-002
5.88843655355612e+002	4.99426844647363e-001,-2.38997966447600e-002
5.95662143529034e+002	4.99413505820416e-001,-2.41762207983939e-002
6.02559586074381e+002	4.99399845392943e-001,-2.44560534497026e-002
6.09536897240193e+002	4.99385889267344e-001,-2.47386867200394e-002
6.16595001861506e+002	4.99371588608620e-001,-2.50249579095231e-002
6.23734835482444e+002	4.99356957816571e-001,-2.53144816737158e-002
6.30957344480218e+002	4.99341985368954e-001,-2.56073729824990e-002
6.38263486190574e+002	4.99326660517409e-001,-2.59037135856135e-002
6.45654229034681e+002	4.99310995709315e-001,-2.62031719298671e-002
6.53130552647498e+002	4.99294955697443e-001,-2.65062760800901e-002
6.60693448007622e+002	4.99278531353687e-001,-2.68130722819882e-002
6.68343917568641e+002	4.99261740960122e-001,-2.71231241238707e-002
6.76082975392009e+002	4.99244558846571e-001,-2.74367744021231e-002
6.83911647281457e+002	4.99226924830594e-001,-2.77549354614041e-002
6.91830970918964e+002	4.99208940561823e-001,-2.80757365653200e-002
6.99841996002302e+002	4.99190492519274e-001,-2.84010004486129e-002
7.07945784384166e+002	4.99171660844881e-001,-2.87292525313092e-002
7.16143410212931e+002	4.99152397815097e-001,-2.90611806554903e-002
7.24435960075019e+002	4.99132668377247e-001,-2.93972341460571e-002
7.32824533138934e+002	4.99112458290648e-001,-2.97375076269463e-002
7.41310241300948e+002	4.99091788759482e-001,-3.00815295818495e-002
7.49894209332486e+002	4.99070645169599e-001,-3.04294090172761e-002
7.58577575029214e+002	4.99049018993679e-001,-3.07811522775935e-002
7.67361489361850e+002	4.99026861405849e-001,-3.11373856363797e-002
7.76247116628723e+002	4.99004215002196e-001,-3.14973155898713e-002
7.85235634610104e+002	4.98981025494390e-001,-3.18616371147449e-002
7.94328234724314e+002	4.98957320712496e-001,-3.22297973613320e-002
8.03526122185650e+002	4.98933024777535e-001,-3.26027825372667e-002
8.12830516164133e+002	4.98908169444569e-001,-3.29799717331741e-002
8.22242649947105e+002	4.98882753215944e-001,-3.33612593101032e-002
8.31763771102705e+002	4.98856732932189e-001,-3.37471173209254e-002
8.41395141645230e+002	4.98830140033494e-001,-3.41369607312802e-002
8.51138038202412e+002	4.98802892404889e-001,-3.45317953104859e-002
8.60993752184636e+002	4.98775036863472e-001,-3.49308194210610e-002
8.70963589956117e+002	4.98746526324807e-001,-3.53345341956061e-002
8.81048873008051e+002	4.98717300139891e-001,-3.57435934460652e-002
8.91250938133782e+002	4.98687462894280e-001,-3.61564504105112e-002
9.01571137605994e+002	4.98656916077764e-001,-3.65742634845358e-002
9.12010839355948e+002	4.98625635592334e-001,-3.69971837487030e-002
9.22571427154802e+002	4.98593625895849e-001,-3.74249873223589e-002
9.33254300797030e+002	4.98560879954556e-001,-3.78576055459227e-002
9.44060876285963e+002	4.98527387039774e-001,-3.82950157980633e-002
9.54992586021476e+002	4.98493092651066e-001,-3.87377355117104e-002
9.66050878989854e+002	4.98458020659086e-001,-3.91852990554790e-002
9.77237220955852e+002	4.98422099630984e-001,-3.96384104917573e-002
9.88553094656980e+002	4.98385378922486e-001,-4.00963041214141e-002
1.00000000000004e+003	4.98347787556555e-001,-4.05596570781131e-002
1.01157945425994e+003	4.98309319024934e-001,-4.10283674729214e-002
1.02329299228080e+003	4.98269951902715e-001,-4.15025084490354e-002
1.03514216667939e+003	4.98229695070392e-001,-4.19818035122419e-002
1.04712854805094e+003	4.98188475885520e-001,-4.24668987401411e-002
1.05925372517733e+003	4.98146307240377e-001,-4.29574636425574e-002
1.07151930523765e+003	4.98103159547088e-001,-4.34536463242343e-002
1.08392691402125e+003	4.98058974816345e-001,-4.39558891902579e-002
1.09647819614323e+003	4.98013813300640e-001,-4.44633532261258e-002
1.10917481526245e+003	4.97967577344693e-001,-4.49769009652947e-002
1.12201845430201e+003	4.97920251411645e-001,-4.54964964852300e-002
1.13501081567236e+003	4.97871840821316e-001,-4.60218903443742e-002
1.14815362149693e+003	4.97822301259506e-001,-4.65533440352341e-002
1.16144861384039e+003	4.97771606247333e-001,-4.70909307306762e-002
1.17489755493958e+003	4.97719747764170e-001,-4.76345295100327e-002
1.18850222743707e+003	4.97666652602380e-001,-4.81846669097073e-002
1.20226443461746e+003	4.97612326390252e-001,-4.87410754421622e-002
1.21618600064642e+003	4.97556766077573e-001,-4.93035807270922e-002
1.23026877081243e+003	4.97499904734587e-001,-4.98726219525275e-002
1.24451461177144e+003	4.97441708828657e-001,-5.04483013357609e-002
1.25892541179422e+003	4.97382168672172e-001,-5.10304935513089e-002
1.27350308101672e+003	4.97321208939577e-001,-5.16196789846385e-002
1.28824955169319e+003	4.97258878597967e-001,-5.22151844486977e-002
1.30316677845236e+003	4.97195078197498e-001,-5.28176968294396e-002
1.31825673855646e+003	4.97129785707400e-001,-5.34271844628143e-002
1.33352143216338e+003	4.97062989470121e-001,-5.40435208842101e-002
1.34896288259171e+003	4.96994640123763e-001,-5.46669123842122e-002
1.36458313658898e+003	4.96924688721429e-001,-5.52975463530192e-002
1.38038426460295e+003	4.96853133198214e-001,-5.59352057180043e-002
1.39636836105600e+003	4.96779889029285e-001,-5.65803677685067e-002
1.41253754462282e+003	4.96704958917633e-001,-5.72327652922830e-002
1.42889395851117e+003	4.96628282829106e-001,-5.78926524418205e-002
1.44543977074599e+003	4.96549832613734e-001,-5.85600129778330e-002
1.46217717445678e+003	4.96469518822127e-001,-5.92353158725283e-002
1.47910838816827e+003	4.96387375074738e-001,-5.99180366541981e-002
1.49623565609450e+003	4.96303315134918e-001,-6.06086053480711e-002
1.51356124843627e+003	4.96217269666975e-001,-6.13072989615187e-002
1.53108746168210e+003	4.96129259860680e-001,-6.20136903774178e-002
1.54881661891255e+003	4.96039186840508e-001,-6.27282719203105e-002
1.56675107010822e+003	4.95947030694710e-001,-6.34509236124135e-002
1.58489319246118e+003	4.95852741125126e-001,-6.41817503206973e-002
1.60324539069011e+003	4.95756237519821e-001,-6.49210705207434e-002
1.62181009735900e+003	4.95657521297905e-001,-6.56685945926323e-002
1.64058977319961e+003	4.95556475527347e-001,-6.64248839217597e-002
1.65958690743763e+003	4.95453102626432e-001,-6.71896326395199e-002
1.67880401812264e+003	4.95347316221824e-001,-6.79631627552323e-002
1.69824365246182e+003	4.95239080597756e-001,-6.87454290196367e-002
1.71790838715767e+003	4.95128331288236e-001,-6.95365810642049e-002
1.73780082874945e+003	4.95015002675587e-001,-7.03367654427512e-002
1.75792361395877e+003	4.94899063769390e-001,-7.11458890177214e-002
1.77827941003900e+003	4.94780394192386e-001,-7.19644451819223e-002
1.79887091512887e+003	4.94658981654926e-001,-7.27922006707408e-002
1.81970085861007e+003	4.94534781539656e-001,-7.36291368877133e-002
1.84077200146904e+003	4.94407659648679e-001,-7.44757979415306e-002
1.86208713666295e+003	4.94277591573228e-001,-7.53320137658485e-002
1.88364908948989e+003	4.94144484394248e-001,-7.61980411280964e-002
1.90546071796333e+003	4.94008328809259e-001,-7.70736104655111e-002
1.92752491319102e+003	4.93869009520592e-001,-7.79591006382723e-002
1.94984459975813e+003	4.93726388244916e-001,-7.88550056420241e-002
1.97242273611494e+003	4.93580508391251e-001,-7.97607222474618e-002
1.99526231496897e+003	4.93431254971379e-001,-8.06765934645762e-002
2.01836636368165e+003	4.93278529003092e-001,-8.16028496364876e-002
2.04173794466962e+003	4.93122241617009e-001,-8.25396495542567e-002
2.06538015581062e+003	4.92962329953256e-001,-8.34869935817181e-002
2.08929613085414e+003	4.92798708100784e-001,-8.44450060430250e-002
2.11348903983674e+003	4.92631311448877e-001,-8.54136836889873e-002
2.13796208950233e+003	4.92460011086614e-001,-8.63933684443113e-002
2.16271852372712e+003	4.92284714106622e-001,-8.73841884861015e-002
2.18776162394965e+003	4.92105414294881e-001,-8.83858018066889e-002
2.21309470960574e+003	4.91921860464353e-001,-8.93991609441756e-002
2.23872113856844e+003	4.91734141069506e-001,-9.04234111415878e-002
2.26464430759316e+003	4.91542036992882e-001,-9.14593059005073e-002
2.29086765276788e+003	4.91345427223059e-001,-9.25070630318017e-002
2.31739464996859e+003	4.91144326819247e-001,-9.35662052786668e-002
2.34422881532003e+003	4.90938534695650e-001,-9.46373394975629e-002
2.37137370566177e+003	4.90727985785736e-001,-9.57203758425775e-002
2.39883291901960e+003	4.90512547049102e-001,-9.68155508588760e-002
2.42661009508253e+003	4.90292114258778e-001,-9.79229476854782e-002
2.45470891568515e+003	4.90066557675402e-001,-9.90427601734944e-002
2.48313310529569e+003	4.89835801367296e-001,-1.00174917186048e-001
2.51188643150970e+003	4.89599687468933e-001,-1.01319722088686e-001
2.54097270554942e+003	4.89358108560631e-001,-1.02477229351049e-001
2.57039578276898e+003	4.89110942865637e-001,-1.03647549405121e-001
2.60015956316539e+003	4.88858054750557e-001,-1.04830843377844e-001
2.63026799189551e+003	4.88599273864809e-001,-1.06027410918312e-001
2.66072505979894e+003	4.88334536391994e-001,-1.07237069842398e-001
2.69153480392704e+003	4.88063646956711e-001,-1.08460203911604e-001
2.72270130807804e+003	4.87786484588477e-001,-1.09696857691940e-001
2.75422870333830e+003	4.87502933652820e-001,-1.10947044691348e-001
2.78612116862990e+003	4.87212832616247e-001,-1.12210961246954e-001
2.81838293126459e+003	4.86916004978968e-001,-1.13488848953151e-001
2.85101826750404e+003	4.86612264384313e-001,-1.14780970964582e-001
2.88403150312674e+003	4.86301542204973e-001,-1.16087101927101e-001
2.91742701400131e+003	4.85983637305632e-001,-1.17407541962817e-001
2.95120922666653e+003	4.85658363007037e-001,-1.18742513745338e-001
2.98538261891810e+003	4.85325590573183e-001,-1.20091999487267e-001
3.01995172040216e+003	4.84985124869861e-001,-1.21456227039520e-001
3.05492111321566e+003	4.84636763199509e-001,-1.22835434519150e-001
3.09029543251374e+003	4.84280377704559e-001,-1.24229563388670e-001
3.12607936712411e+003	4.83915768112338e-001,-1.25638815643209e-001
3.16227766016853e+003	4.83542715438217e-001,-1.27063443523389e-001
3.19889510969155e+003	4.83161062919362e-001,-1.28503456544963e-001
3.23593656929644e+003	4.82770583407744e-001,-1.29959104525461e-001
3.27340694878854e+003	4.82371110223202e-001,-1.31430405579829e-001
3.31131121482607e+003	4.81962415614968e-001,-1.32917579455891e-001
3.34965439157844e+003	4.81544265915344e-001,-1.34420846695037e-001
3.38844156139219e+003	4.81116521220451e-001,-1.35940092762303e-001
3.42767786546467e+003	4.80678846420398e-001,-1.37475848987642e-001
3.46736850452549e+003	4.80231122778740e-001,-1.39027900950229e-001
3.50751873952585e+003	4.79773057025698e-001,-1.40596601715479e-001
3.54813389233593e+003	4.79304475533947e-001,-1.42181894113525e-001
3.58921934645023e+003	4.78825064813091e-001,-1.43784157154323e-001
3.63078054770119e+003	4.78334639172214e-001,-1.45403341667493e-001
3.67282300498103e+003	4.77832887717838e-001,-1.47039777739232e-001
3.71535229097191e+003	4.77319590704005e-001,-1.48693490776845e-001
3.75837404288463e+003	4.76794486656055e-001,-1.50364620272330e-001
3.80189396320580e+003	4.76257304029000e-001,-1.52053318126900e-001
3.84591782045373e+003	4.75707790319453e-001,-1.53759661830288e-001
3.89045144994300e+003	4.75145626253400e-001,-1.55483908007520e-001
3.93550075455797e+003	4.74570518327194e-001,-1.57226215290743e-001
3.98107170553517e+003	4.73982200968714e-001,-1.58986643581954e-001
4.02717034325479e+003	4.73380383525984e-001,-1.60765308121762e-001
4.07380277804133e+003	4.72764729123224e-001,-1.62562434144451e-001
4.12097519097351e+003	4.72134952772204e-001,-1.64378081505907e-001
4.16869383470356e+003	4.71490731768859e-001,-1.66212396096288e-001
4.21696503428603e+003	4.70831689654287e-001,-1.68065646902489e-001
4.26579518801614e+003	4.70157593656580e-001,-1.69937698025071e-001
4.31519076827787e+003	4.69467995007956e-001,-1.71828967936945e-001
4.36515832240188e+003	4.68762604849538e-001,-1.73739430085627e-001
4.41570447353335e+003	4.68041045938266e-001,-1.75669268887661e-001
4.46683592150986e+003	4.67302992257213e-001,-1.77618516737523e-001
4.51855944374945e+003	4.66548031600557e-001,-1.79587402400015e-001
4.57088189614898e+003	4.65775795422871e-001,-1.81576021415257e-001
4.62381021399284e+003	4.64985886071088e-001,-1.83584518951655e-001
4.67735141287222e+003	4.64177937932179e-001,-1.85612940646402e-001
4.73151258961504e+003	4.63351550511581e-001,-1.87661395255688e-001
4.78630092322663e+003	4.62506231225644e-001,-1.89730182728578e-001
4.84172367584124e+003	4.61641655817461e-001,-1.91819185453364e-001
4.89778819368471e+003	4.60757330817060e-001,-1.93928656226852e-001
4.95450190804815e+003	4.59852871465997e-001,-1.96058574609431e-001
5.01187233627298e+003	4.58927762265774e-001,-1.98209190341925e-001
5.06990708274730e+003	4.57981573563839e-001,-2.00380534968618e-001
5.12861383991391e+003	4.57013853986449e-001,-2.02572665422467e-001
5.18800038928988e+003	4.56024090202478e-001,-2.04785746819317e-001
5.24807460249800e+003	4.55011831490146e-001,-2.07019784556869e-001
5.30884444231016e+003	4.53976554939989e-001,-2.09274911468400e-001
5.37031796370280e+003	4.52917754208001e-001,-2.11551198303004e-001
5.43250331492461e+003	4.51834904231594e-001,-2.13848727469284e-001
5.49540873857653e+003	4.50727446572795e-001,-2.16167620518833e-001
5.55904257270432e+003	4.49594892798091e-001,-2.18507832356128e-001
5.62341325190378e+003	4.48436701527267e-001,-2.20869398413023e-001
5.68852930843871e+003	4.47252268032770e-001,-2.23252448253587e-001
5.75439937337187e+003	4.46040990672748e-001,-2.25657073580678e-001
5.82103217770902e+003	4.44802326241646e-001,-2.28083226887913e-001
5.88843655355620e+003	4.43535659226388e-001,-2.30530968585369e-001
5.95662143529042e+003	4.42240384591782e-001,-2.33000309633235e-001
6.02559586074389e+003	4.40915849579336e-001,-2.35491316914282e-001
6.09536897240201e+003	4.39561455359563e-001,-2.38003930150856e-001
6.16595001861514e+003	4.38176576575366e-001,-2.40538108276388e-001
6.23734835482452e+003	4.36760476662330e-001,-2.43093971613204e-001
6.30957344480226e+003	4.35312501813519e-001,-2.45671463087373e-001
6.38263486190582e+003	4.33831987005011e-001,-2.48270514654163e-001
6.45654229034690e+003	4.32318190562919e-001,-2.50891154076660e-001
6.53130552647507e+003	4.30770418883151e-001,-2.53533295407577e-001
6.60693448007631e+003	4.29187953502361e-001,-2.56196861531561e-001
6.68343917568650e+003	4.27570012868834e-001,-2.58881841998198e-001
6.76082975392018e+003	4.25915871797344e-001,-2.61588102031215e-001
6.83911647281466e+003	4.24224740048156e-001,-2.64315574775127e-001
6.91830970918973e+003	4.22495799023274e-001,-2.67064199590057e-001
6.99841996002311e+003	4.20728306378836e-001,-2.69833765212773e-001
7.07945784384176e+003	4.18921417757227e-001,-2.72624178531947e-001
7.16143410212940e+003	4.17074249781199e-001,-2.75435364009652e-001
7.24435960075029e+003	4.15186009254740e-001,-2.78267077442158e-001
7.32824533138943e+003	4.13255785728438e-001,-2.81119205519751e-001
7.41310241300957e+003	4.11282750292206e-001,-2.83991481180022e-001
7.49894209332496e+003	4.09265968654371e-001,-2.86883745931408e-001
7.58577575029225e+003	4.07204503851288e-001,-2.89795802606729e-001
7.67361489361860e+003	4.05097460473045e-001,-2.92727358075084e-001
7.76247116628734e+003	4.02943878165518e-001,-2.95678165639009e-001
7.85235634610114e+003	4.00742790832637e-001,-2.98647944051994e-001
7.94328234724324e+003	3.98493173974355e-001,-3.01636443472849e-001
8.03526122185661e+003	3.96194099171869e-001,-3.04643250048964e-001
8.12830516164143e+003	3.93844516662223e-001,-3.07668059896912e-001
8.22242649947116e+003	3.91443373239966e-001,-3.10710527015456e-001
8.31763771102716e+003	3.88989657041676e-001,-3.13770211177323e-001
8.41395141645241e+003	3.86482222646348e-001,-3.16846784542868e-001
8.51138038202423e+003	3.83920076234146e-001,-3.19939695540396e-001
8.60993752184648e+003	3.81302062191505e-001,-3.23048534063585e-001
8.70963589956128e+003	3.78627038266874e-001,-3.26172824423133e-001
8.81048873008062e+003	3.75893901843215e-001,-3.29311998681293e-001
8.91250938133794e+003	3.73101462781177e-001,-3.32465535984241e-001
9.01571137606006e+003	3.70248560050269e-001,-3.35632833297148e-001
9.12010839355960e+003	3.67333994875997e-001,-3.38813277144517e-001
9.22571427154814e+003	3.64356556289342e-001,-3.42006214779696e-001
9.33254300797043e+003	3.61314984290827e-001,-3.45210990075950e-001
9.44060876285976e+003	3.58208051614633e-001,-3.48426860202453e-001
9.54992586021489e+003	3.55034509156126e-001,-3.51653050625468e-001
9.66050878989867e+003	3.51793049050406e-001,-3.54888788492725e-001
9.77237220955865e+003	3.48482347124543e-001,-3.58133258347449e-001
9.88553094656994e+003	3.45101103996031e-001,-3.61385564212223e-001
1.00000000000006e+004	3.41647991842063e-001,-3.64644778871326e-001
1.01157945425996e+004	3.38121655340152e-001,-3.67909940715632e-001
1.02329299228081e+004	3.34520683408552e-001,-3.71180075616030e-001
1.03514216667940e+004	3.30843732151246e-001,-3.74454089693797e-001
1.04712854805096e+004	3.27089361717677e-001,-3.77730908228490e-001
1.05925372517735e+004	3.23256183978547e-001,-3.81009349390680e-001
1.07151930523767e+004	3.19342744258225e-001,-3.84288221053409e-001
1.08392691402126e+004	3.15347586070172e-001,-3.87566265297607e-001
1.09647819614325e+004	3.11269258590131e-001,-3.90842152653783e-001
1.10917481526246e+004	3.07106274819490e-001,-3.94114512599070e-001
1.12201845430203e+004	3.02857134341213e-001,-3.97381913971338e-001
1.13501081567238e+004	2.98520345075301e-001,-4.00642848093320e-001
1.14815362149695e+004	2.94094389556833e-001,-4.03895751900242e-001
1.16144861384041e+004	2.89577728176687e-001,-4.07139002892097e-001
1.17489755493960e+004	2.84968815098611e-001,-4.10370906321947e-001
1.18850222743709e+004	2.80266132081202e-001,-4.13589672109635e-001
1.20226443461748e+004	2.75468125937283e-001,-4.16793454828717e-001
1.21618600064644e+004	2.70573195949249e-001,-4.19980357303602e-001
1.23026877081245e+004	2.65579805836283e-001,-4.23148359734584e-001
1.24451461177146e+004	2.60486379831946e-001,-4.26295382635340e-001
1.25892541179424e+004	2.55291353945636e-001,-4.29419253955791e-001
1.27350308101673e+004	2.49993134865484e-001,-4.32517730030269e-001
1.28824955169321e+004	2.44590132178228e-001,-4.35588474826589e-001
1.30316677845237e+004	2.39080815637547e-001,-4.38629028629351e-001
1.31825673855648e+004	2.33463585021196e-001,-4.41636874821911e-001
1.33352143216340e+004	2.27736893393359e-001,-4.44609373064635e-001
1.34896288259173e+004	2.21899172970014e-001,-4.47543794789972e-001
1.36458313658900e+004	2.15948881971554e-001,-4.50437298174572e-001
1.38038426460296e+004	2.09884489506183e-001,-4.53286932933340e-001
1.39636836105602e+004	2.03704509958474e-001,-4.56089623963192e-001
1.41253754462284e+004	1.97407387343307e-001,-4.58842217121018e-001
1.42889395851119e+004	1.90991724744065e-001,-4.61541381700940e-001
1.44543977074601e+004	1.84456003936589e-001,-4.64183721873247e-001
1.46217717445680e+004	1.77798810434400e-001,-4.66765683098786e-001
1.47910838816829e+004	1.71018808811536e-001,-4.69283563928800e-001
1.49623565609452e+004	1.64114587565321e-001,-4.71733565972388e-001
1.51356124843630e+004	1.57084894929276e-001,-4.74111711194613e-001
1.53108746168212e+004	1.49928378773273e-001,-4.76413922304765e-001
1.54881661891257e+004	1.42643904301940e-001,-4.78635922587502e-001
1.56675107010824e+004	1.35230282708153e-001,-4.80773314815686e-001
1.58489319246121e+004	1.27686381887333e-001,-4.82821543288570e-001
1.60324539069014e+004	1.20011175655153e-001,-4.84775878641609e-001
1.62181009735902e+004	1.12203717742843e-001,-4.86631422837955e-001
1.64058977319964e+004	1.04263113594877e-001,-4.88383112129826e-001
1.65958690743766e+004	9.61885606529007e-002,-4.90025703200785e-001
1.67880401812266e+004	8.79793370874575e-002,-4.91553771973819e-001
1.69824365246184e+004	7.96348606886562e-002,-4.92961700259941e-001
1.71790838715769e+004	7.11546309462710e-002,-4.94243681290930e-001
1.73780082874948e+004	6.25382261858800e-002,-4.95393713259428e-001
1.75792361395880e+004	5.37854231145680e-002,-4.96405581432161e-001
1.77827941003903e+004	4.48961050618589e-002,-4.97272864689460e-001
1.79887091512889e+004	3.58702936056844e-002,-4.97988926686053e-001
1.81970085861009e+004	2.67081719652569e-002,-4.98546908093132e-001
1.84077200146906e+004	1.74101128967263e-002,-4.98939720935942e-001
1.86208713666298e+004	7.97665110476229e-003,-4.99160044008628e-001
1.88364908948991e+004	-1.59143664750275e-003,-4.99200315331377e-001
1.90546071796336e+004	-1.12932389766835e-002,-4.99052725650699e-001
1.92752491319105e+004	-2.11275480393094e-002,-4.98709213376065e-001
1.94984459975816e+004	-3.10929193307047e-002,-4.98161457893894e-001
1.97242273611497e+004	-4.11876951124834e-002,-4.97400868253606e-001
1.99526231496900e+004	-5.14098555930282e-002,-4.96418587535926e-001
2.01836636368168e+004	-6.17571450552119e-002,-4.95205472539859e-001
2.04173794466965e+004	-7.22269509363710e-002,-4.93752097131661e-001
2.06538015581065e+004	-8.28162773066015e-002,-4.92048748399597e-001
2.08929613085416e+004	-9.35218505018162e-002,-4.90085397128362e-001
2.11348903983677e+004	-1.04339863197387e-001,-4.87851732944092e-001
2.13796208950236e+004	-1.15266194642562e-001,-4.85337108408459e-001
2.16271852372715e+004	-1.26296155980690e-001,-4.82530581653627e-001
2.18776162394968e+004	-1.37424634378978e-001,-4.79420868134270e-001
2.21309470960577e+004	-1.48645917019668e-001,-4.75996370877739e-001
2.23872113856847e+004	-1.59953756726845e-001,-4.72245146163484e-001
2.26464430759319e+004	-1.71341232279151e-001,-4.68154928539595e-001
2.29086765276791e+004	-1.82800765372342e-001,-4.63713109046240e-001
2.31739464996862e+004	-1.94324064661923e-001,-4.58906731311006e-001
2.34422881532006e+004	-2.05902031951421e-001,-4.53722506240218e-001
2.37137370566180e+004	-2.17524677354415e-001,-4.48146827572333e-001
2.39883291901963e+004	-2.29181179946488e-001,-4.42165715228780e-001
2.42661009508256e+004	-2.40859615332551e-001,-4.35764918553900e-001
2.45470891568518e+004	-2.52547058817574e-001,-4.28929835486612e-001
2.48313310529572e+004	-2.64229346954138e-001,-4.21645610346254e-001
2.51188643150973e+004	-2.75891091447244e-001,-4.13897091175224e-001
2.54097270554946e+004	-2.87515511932801e-001,-4.05668896051067e-001
2.57039578276902e+004	-2.99084284191626e-001,-3.96945478992352e-001
2.60015956316543e+004	-3.10577498406057e-001,-3.87711121431160e-001
2.63026799189554e+004	-3.21973486619681e-001,-3.77950013912750e-001
2.66072505979897e+004	-3.33248608108894e-001,-3.67646391713496e-001
2.69153480392708e+004	-3.44377180804558e-001,-3.56784555123326e-001
2.72270130807808e+004	-3.55331261703061e-001,-3.45349026933710e-001
2.75422870333833e+004	-3.66080444541944e-001,-3.33324716568485e-001
2.78612116862994e+004	-3.76591701914437e-001,-3.20697060102565e-001
2.81838293126463e+004	-3.86829160241592e-001,-3.07452255071184e-001
2.85101826750408e+004	-3.96753891704099e-001,-2.93577513308798e-001
2.88403150312678e+004	-4.06323696452702e-001,-2.79061368180712e-001
2.91742701400135e+004	-4.15492912942967e-001,-2.63894006727427e-001
2.95120922666657e+004	-4.24212177748046e-001,-2.48067741509158e-001
2.98538261891814e+004	-4.32428284633005e-001,-2.31577442667728e-001
3.01995172040220e+004	-4.40083982435554e-001,-2.14421179304141e-001
3.05492111321570e+004	-4.47117913179272e-001,-1.96600794152225e-001
3.09029543251378e+004	-4.53464522523688e-001,-1.78122719468950e-001
3.12607936712415e+004	-4.59054105634114e-001,-1.58998800378966e-001
3.16227766016857e+004	-4.63812966023359e-001,-1.39247190971289e-001
3.19889510969160e+004	-4.67663659016188e-001,-1.18893483652076e-001
3.23593656929648e+004	-4.70525482098295e-001,-9.79717385965567e-002
3.27340694878858e+004	-4.72315123810278e-001,-7.65257034855048e-002
3.31131121482612e+004	-4.72947575952772e-001,-5.46100855046964e-002
3.34965439157848e+004	-4.72337363340213e-001,-3.22916591758766e-002
3.38844156139224e+004	-4.70400062191991e-001,-9.65058962886323e-003
3.42767786546472e+004	-4.67054218624733e-001,1.32186797569002e-002
3.46736850452553e+004	-4.62223620303189e-001,3.62064643765445e-002
3.50751873952590e+004	-4.55839965388995e-001,5.91874684219899e-002
3.54813389233598e+004	-4.47845878224465e-001,8.20206051322032e-002
3.58921934645028e+004	-4.38198230392306e-001,1.04549571701740e-001
3.63078054770124e+004	-4.26871627479360e-001,1.26604083068723e-001
3.67282300498108e+004	-4.13862003840961e-001,1.48001763592114e-001
3.71535229097196e+004	-3.99189992912119e-001,1.68551219661827e-001
3.75837404288468e+004	-3.82903986528226e-001,1.88055767283630e-001
3.80189396320585e+004	-3.65082493772309e-001,2.06318265187370e-001
3.84591782045378e+004	-3.45835602856441e-001,2.23146623348092e-001
3.89045144994305e+004	-3.25305239650714e-001,2.38359952324244e-001
3.93550075455802e+004	-3.03664028101184e-001,2.51795011781262e-001
3.98107170553522e+004	-2.81112586444711e-001,2.63312589615740e-001
4.02717034325484e+004	-2.57875297899678e-001,2.72803363712630e-001
4.07380277804138e+004	-2.34194627390215e-001,2.80192841870735e-001
4.12097519097356e+004	-2.10324238609139e-001,2.85444967017929e-001
4.16869383470362e+004	-1.86521345995298e-001,2.88564032683572e-001
4.21696503428609e+004	-1.63038686479356e-001,2.89594798352381e-001
4.26579518801620e+004	-1.40116699291531e-001,2.88620684795379e-001
4.31519076827793e+004	-1.17976407757998e-001,2.85760219964853e-001
4.36515832240194e+004	-9.68134256171914e-002,2.81161996860640e-001
4.41570447353341e+004	-7.67933879518516e-002,2.74998550068526e-001
4.46683592150992e+004	-5.80490669316531e-002,2.67459564126808e-001
4.51855944374951e+004	-4.06791128017358e-002,2.58744925221874e-001
4.57088189614904e+004	-2.47484118689666e-002,2.49058016049112e-001
4.62381021399290e+004	-1.02897498518731e-002,2.38599615236420e-001
4.67735141287228e+004	2.69335042509755e-003,2.27562686721774e-001
4.73151258961511e+004	1.42231196040571e-002,2.16128167029465e-001
4.78630092322669e+004	2.43435144844948e-002,2.04461858171023e-001
4.84172367584130e+004	3.31160361170587e-002,1.92712356462864e-001
4.89778819368478e+004	4.06156049470100e-002,1.81009962220841e-001
4.95450190804822e+004	4.69267224279234e-002,1.69466389663169e-001
5.01187233627305e+004	5.21399818207998e-002,1.58175167425055e-001
5.06990708274737e+004	5.63490323793710e-002,1.47212553924432e-001
5.12861383991398e+004	5.96480591492036e-002,1.36638798899459e-001
5.18800038928995e+004	6.21297140540258e-002,1.26499657247351e-001
5.24807460249806e+004	6.38835278751561e-002,1.16828000143824e-001
5.30884444231023e+004	6.49947173455102e-002,1.07645474622426e-001
5.37031796370287e+004	6.55433717807651e-002,9.89640963222886e-002
5.43250331492468e+004	6.56039177534801e-002,9.07877966618555e-002
5.49540873857660e+004	6.52448604052606e-002,8.31138036554866e-002
5.55904257270440e+004	6.45287020984603e-002,7.59339336162226e-002
5.62341325190386e+004	6.35120293197068e-002,6.92356998066652e-002
5.68852930843878e+004	6.22457032234031e-002,6.30033079895227e-002
5.75439937337194e+004	6.07751376737569e-002,5.72184976295985e-002
5.82103217770909e+004	5.91406278860652e-002,5.18612635130738e-002
5.88843655355627e+004	5.73777118955866e-002,4.69104563459372e-002
5.95662143529049e+004	5.55175477509931e-002,4.23442815127549e-002
6.02559586074397e+004	5.35872908869232e-002,3.81407043918359e-002
6.09536897240209e+004	5.16104663369591e-002,3.42777782439935e-002
6.16595001861523e+004	4.96073252827149e-002,3.07339042832839e-002
6.23734835482460e+004	4.75951818778738e-002,2.74880220240081e-002
6.30957344480235e+004	4.55887312562854e-002,2.45197722823722e-002
6.38263486190591e+004	4.36003408982850e-002,2.18095967178849e-002
6.45654229034698e+004	4.16403206201999e-002,1.93388180382899e-002
6.53130552647515e+004	3.97171677166642e-002,1.70896868423103e-002
6.60693448007640e+004	3.78377894456277e-002,1.50454066483531e-002
6.68343917568659e+004	3.60077050491830e-002,1.31901448816149e-002
6.76082975392027e+004	3.42312241080901e-002,1.15090212036640e-002
6.83911647281475e+004	3.25116103614643e-002,9.98809647727625e-003
6.91830970918982e+004	3.08512234750095e-002,8.61434267446879e-003
6.99841996002320e+004	2.92516474387234e-002,7.37561293439093e-003
7.07945784384185e+004	2.77138043246285e-002,6.26060674570363e-003
7.16143410212950e+004	2.62380530759955e-002,5.25882929938228e-003
7.24435960075038e+004	2.48242778521690e-002,4.36055152563356e-003
7.32824533138953e+004	2.34719647938498e-002,3.55676817369276e-003
7.41310241300967e+004	2.21802707835476e-002,2.83915772651142e-003
7.49894209332506e+004	2.09480804644513e-002,2.20003853889255e-003
7.58577575029235e+004	1.97740588636885e-002,1.63233031811745e-003
7.67361489361870e+004	1.86566960402733e-002,1.12951486085279e-003
7.76247116628744e+004	1.75943447692497e-002,6.85597339299050e-004
7.85235634610125e+004	1.65852546312888e-002,2.95071131265617e-004
7.94328234724335e+004	1.56276000518183e-002,-4.71172144339751e-005
8.03526122185671e+004	1.47195049602760e-002,-3.45600426093120e-004
8.12830516164154e+004	1.38590638836516e-002,-6.04621263010211e-004
8.22242649947127e+004	1.30443588387786e-002,-8.28062063444881e-004
8.31763771102727e+004	1.22734751092822e-002,-1.01947152527870e-003
8.41395141645252e+004	1.15445128977694e-002,-1.18209080387590e-003
8.51138038202434e+004	1.08555982280362e-002,-1.31887708574650e-003
8.60993752184659e+004	1.02048910503018e-002,-1.43252617527607e-003
8.70963589956140e+004	9.59059226819526e-003,-1.52549320098454e-003
8.81048873008074e+004	9.01094908374175e-003,-1.60001205047215e-003
8.91250938133806e+004	8.46425927135575e-003,-1.65811333293992e-003
9.01571137606018e+004	7.94887478525163e-003,-1.70164090684529e-003
9.12010839355972e+004	7.46320337659967e-003,-1.73226762281315e-003
9.22571427154826e+004	7.00571094725615e-003,-1.75150931901088e-003
9.33254300797055e+004	6.57492176638873e-003,-1.76073828156579e-003
9.44060876285988e+004	6.16941973486541e-003,-1.76119515679099e-003
9.54992586021501e+004	5.78784739174657e-003,-1.75400050227832e-003
9.66050878989880e+004	5.42890621101817e-003,-1.74016492761742e-003
9.77237220955878e+004	5.09135533656455e-003,-1.72059879134336e-003
9.88553094657007e+004	4.77401073018264e-003,-1.69612093311812e-003
1.00000000000007e+005	4.47574407927925e-003,-1.66746672964798e-003
1.01157945425997e+005	4.19548107588033e-003,-1.63529559400583e-003
1.02329299228082e+005	3.93220008623375e-003,-1.60019774324639e-003
1.03514216667942e+005	3.68493040743861e-003,-1.56270048169392e-003
1.04712854805097e+005	3.45275057741596e-003,-1.52327393924767e-003
1.05925372517736e+005	3.23478657991237e-003,-1.48233633508455e-003
1.07151930523768e+005	3.03021001832886e-003,-1.44025879649906e-003
1.08392691402128e+005	2.83823636704892e-003,-1.39736977354307e-003
1.09647819614326e+005	2.65812306011479e-003,-1.35395907371116e-003
1.10917481526248e+005	2.48916774360650e-003,-1.31028155417391e-003
1.12201845430204e+005	2.33070652152209e-003,-1.26656049551986e-003
1.13501081567239e+005	2.18211209157699e-003,-1.22299067737902e-003
1.14815362149696e+005	2.04279218627624e-003,-1.17974119262040e-003
1.16144861384042e+005	1.91218774154747e-003,-1.13695800501517e-003
1.17489755493961e+005	1.78977138608215e-003,-1.09476628798325e-003
1.18850222743710e+005	1.67504583914562e-003,-1.05327255145615e-003
1.20226443461750e+005	1.56754236762582e-003,-1.01256657458927e-003
1.21618600064645e+005	1.46681935388175e-003,-9.72723170868021e-004
1.23026877081247e+005	1.37246083117782e-003,-9.33803778762967e-004
1.24451461177147e+005	1.28407520749869e-003,-8.95857926872277e-004
1.25892541179426e+005	1.20129389682952e-003,-8.58924541032355e-004
1.27350308101675e+005	1.12377010634625e-003,-8.23033143283424e-004
1.28824955169322e+005	1.05117765524410e-003,-7.88204936902885e-004
1.30000000000000e+005	9.97202633601283e-004,-7.61496183043146e-004
