Freq.	V(vout)
1.00000000000000e+000	4.99999498427008e-001,-3.96672781545951e-005
1.01157945425990e+000	4.99999498390320e-001,-4.01266070884875e-005
1.02329299228075e+000	4.99999498352862e-001,-4.05912500578756e-005
1.03514216667934e+000	4.99999498314446e-001,-4.10612748753544e-005
1.04712854805090e+000	4.99999498275164e-001,-4.15367411849590e-005
1.05925372517729e+000	4.99999498234995e-001,-4.20177137931329e-005
1.07151930523761e+000	4.99999498193890e-001,-4.25042546834400e-005
1.08392691402120e+000	4.99999498151798e-001,-4.29964327950223e-005
1.09647819614319e+000	4.99999498108699e-001,-4.34943071557094e-005
1.10917481526240e+000	4.99999498064679e-001,-4.39979473188100e-005
1.12201845430196e+000	4.99999498019577e-001,-4.45074200491712e-005
1.13501081567232e+000	4.99999497973453e-001,-4.50227928847460e-005
1.14815362149688e+000	4.99999497926253e-001,-4.55441332573334e-005
1.16144861384034e+000	4.99999497877954e-001,-4.60715085016924e-005
1.17489755493953e+000	4.99999497828431e-001,-4.66049885291908e-005
1.18850222743702e+000	4.99999497777868e-001,-4.71446520543599e-005
1.20226443461741e+000	4.99999497726126e-001,-4.76905599588586e-005
1.21618600064637e+000	4.99999497673150e-001,-4.82427917163337e-005
1.23026877081238e+000	4.99999497618925e-001,-4.88014152039064e-005
1.24451461177139e+000	4.99999497563424e-001,-4.93665089163579e-005
1.25892541179417e+000	4.99999497506686e-001,-4.99381451005350e-005
1.27350308101666e+000	4.99999497448598e-001,-5.05164039761534e-005
1.28824955169314e+000	4.99999497389128e-001,-5.11013559822524e-005
1.30316677845230e+000	4.99999497328329e-001,-5.16930804391240e-005
1.31825673855641e+000	4.99999497266099e-001,-5.22916611177036e-005
1.33352143216333e+000	4.99999497202378e-001,-5.28971675981758e-005
1.34896288259166e+000	4.99999497137228e-001,-5.35096881431517e-005
1.36458313658893e+000	4.99999497070503e-001,-5.41293003983812e-005
1.38038426460289e+000	4.99999497002281e-001,-5.47560891671051e-005
1.39636836105594e+000	4.99999496932440e-001,-5.53901339864276e-005
1.41253754462276e+000	4.99999496861001e-001,-5.60315206846628e-005
1.42889395851111e+000	4.99999496787882e-001,-5.66803369515852e-005
1.44543977074593e+000	4.99999496713004e-001,-5.73366652442550e-005
1.46217717445672e+000	4.99999496636410e-001,-5.80005907920380e-005
1.47910838816821e+000	4.99999496558060e-001,-5.86722087135690e-005
1.49623565609444e+000	4.99999496477912e-001,-5.93515991594038e-005
1.51356124843621e+000	4.99999496395840e-001,-6.00388584100917e-005
1.53108746168203e+000	4.99999496311857e-001,-6.07340740190958e-005
1.54881661891249e+000	4.99999496225931e-001,-6.14373417002685e-005
1.56675107010815e+000	4.99999496138031e-001,-6.21487537937459e-005
1.58489319246112e+000	4.99999496048042e-001,-6.28684010546524e-005
1.60324539069005e+000	4.99999495955997e-001,-6.35963842119479e-005
1.62181009735893e+000	4.99999495861780e-001,-6.43327962174663e-005
1.64058977319954e+000	4.99999495765369e-001,-6.50777342491491e-005
1.65958690743757e+000	4.99999495666738e-001,-6.58312975035213e-005
1.67880401812257e+000	4.99999495565789e-001,-6.65935894292397e-005
1.69824365246175e+000	4.99999495462516e-001,-6.73647061939880e-005
1.71790838715759e+000	4.99999495356780e-001,-6.81447517969399e-005
1.73780082874938e+000	4.99999495248623e-001,-6.89338327532219e-005
1.75792361395870e+000	4.99999495137960e-001,-6.97320487817285e-005
1.77827941003893e+000	4.99999495024683e-001,-7.05395074739575e-005
1.79887091512879e+000	4.99999494908782e-001,-7.13563163144271e-005
1.81970085860999e+000	4.99999494790159e-001,-7.21825822507580e-005
1.84077200146896e+000	4.99999494668808e-001,-7.30184179252915e-005
1.86208713666287e+000	4.99999494544608e-001,-7.38639314755478e-005
1.88364908948981e+000	4.99999494417536e-001,-7.47192349866031e-005
1.90546071796325e+000	4.99999494287482e-001,-7.55844436177893e-005
1.92752491319094e+000	4.99999494154412e-001,-7.64596702886194e-005
1.94984459975805e+000	4.99999494018242e-001,-7.73450310230852e-005
1.97242273611486e+000	4.99999493878885e-001,-7.82406440768608e-005
1.99526231496889e+000	4.99999493736295e-001,-7.91466277323914e-005
2.01836636368157e+000	4.99999493590397e-001,-8.00631034232759e-005
2.04173794466954e+000	4.99999493441079e-001,-8.09901899770071e-005
2.06538015581054e+000	4.99999493288262e-001,-8.19280116247046e-005
2.08929613085405e+000	4.99999493131954e-001,-8.28766949087614e-005
2.11348903983666e+000	4.99999492971947e-001,-8.38363607057156e-005
2.13796208950224e+000	4.99999492808249e-001,-8.48071402301590e-005
2.16271852372703e+000	4.99999492640728e-001,-8.57891612847962e-005
2.18776162394956e+000	4.99999492469291e-001,-8.67825536065924e-005
2.21309470960565e+000	4.99999492293853e-001,-8.77874479958589e-005
2.23872113856835e+000	4.99999492114348e-001,-8.88039776659538e-005
2.26464430759307e+000	4.99999491930661e-001,-8.98322791491436e-005
2.29086765276778e+000	4.99999491742677e-001,-9.08724883176390e-005
2.31739464996849e+000	4.99999491550327e-001,-9.19247412898465e-005
2.34422881531993e+000	4.99999491353503e-001,-9.29891806659133e-005
2.37137370566167e+000	4.99999491152086e-001,-9.40659444439605e-005
2.39883291901950e+000	4.99999490945987e-001,-9.51551771410344e-005
2.42661009508243e+000	4.99999490735082e-001,-9.62570209302360e-005
2.45470891568504e+000	4.99999490519247e-001,-9.73716240975594e-005
2.48313310529558e+000	4.99999490298403e-001,-9.84991352880857e-005
2.51188643150959e+000	4.99999490072418e-001,-9.96397013051285e-005
2.54097270554932e+000	4.99999489841171e-001,-1.00793475123650e-004
2.57039578276888e+000	4.99999489604526e-001,-1.01960609248961e-004
2.60015956316529e+000	4.99999489362360e-001,-1.03141256181080e-004
2.63026799189540e+000	4.99999489114574e-001,-1.04335575540686e-004
2.66072505979882e+000	4.99999488861011e-001,-1.05543726096244e-004
2.69153480392693e+000	4.99999488601540e-001,-1.06765863564530e-004
2.72270130807793e+000	4.99999488336024e-001,-1.08002153954577e-004
2.75422870333818e+000	4.99999488064321e-001,-1.09252760266438e-004
2.78612116862979e+000	4.99999487786282e-001,-1.10517847397894e-004
2.81838293126447e+000	4.99999487501782e-001,-1.11797582610534e-004
2.85101826750393e+000	4.99999487210654e-001,-1.13092138660607e-004
2.88403150312662e+000	4.99999486912739e-001,-1.14401684939704e-004
2.91742701400118e+000	4.99999486607890e-001,-1.15726393270679e-004
2.95120922666640e+000	4.99999486295942e-001,-1.17066442815655e-004
2.98538261891798e+000	4.99999485976712e-001,-1.18422006332498e-004
3.01995172040204e+000	4.99999485650059e-001,-1.19793269294242e-004
3.05492111321553e+000	4.99999485315788e-001,-1.21180409484769e-004
3.09029543251361e+000	4.99999484973736e-001,-1.22583613454229e-004
3.12607936712398e+000	4.99999484623722e-001,-1.24003064552990e-004
3.16227766016840e+000	4.99999484265550e-001,-1.25438952504219e-004
3.19889510969142e+000	4.99999483899041e-001,-1.26891466101345e-004
3.23593656929630e+000	4.99999483523986e-001,-1.28360800782827e-004
3.27340694878840e+000	4.99999483140200e-001,-1.29847148443588e-004
3.31131121482593e+000	4.99999482747474e-001,-1.31350708119009e-004
3.34965439157830e+000	4.99999482345598e-001,-1.32871676463105e-004
3.38844156139205e+000	4.99999481934362e-001,-1.34410258877193e-004
3.42767786546453e+000	4.99999481513544e-001,-1.35966655769831e-004
3.46736850452534e+000	4.99999481082928e-001,-1.37541075906548e-004
3.50751873952571e+000	4.99999480642283e-001,-1.39133725779040e-004
3.54813389233578e+000	4.99999480191373e-001,-1.40744818514622e-004
3.58921934645008e+000	4.99999479729958e-001,-1.42374566576740e-004
3.63078054770104e+000	4.99999479257799e-001,-1.44023186456219e-004
3.67282300498087e+000	4.99999478774637e-001,-1.45690896479451e-004
3.71535229097175e+000	4.99999478280222e-001,-1.47377917503495e-004
3.75837404288447e+000	4.99999477774296e-001,-1.49084472945387e-004
3.80189396320564e+000	4.99999477256576e-001,-1.50810789922003e-004
3.84591782045357e+000	4.99999476726802e-001,-1.52557096837552e-004
3.89045144994284e+000	4.99999476184694e-001,-1.54323624302090e-004
3.93550075455781e+000	4.99999475629946e-001,-1.56110607826743e-004
3.98107170553500e+000	4.99999475062288e-001,-1.57918283635893e-004
4.02717034325462e+000	4.99999474481402e-001,-1.59746891363120e-004
4.07380277804116e+000	4.99999473886988e-001,-1.61596673416825e-004
4.12097519097334e+000	4.99999473278721e-001,-1.63467873458052e-004
4.16869383470339e+000	4.99999472656291e-001,-1.65360741984108e-004
4.21696503428586e+000	4.99999472019367e-001,-1.67275529922146e-004
4.26579518801596e+000	4.99999471367602e-001,-1.69212488884460e-004
4.31519076827769e+000	4.99999470700655e-001,-1.71171877197362e-004
4.36515832240170e+000	4.99999470018174e-001,-1.73153953939975e-004
4.41570447353316e+000	4.99999469319794e-001,-1.75158981865278e-004
4.46683592150967e+000	4.99999468605150e-001,-1.77187227434908e-004
4.51855944374926e+000	4.99999467873862e-001,-1.79238958855998e-004
4.57088189614879e+000	4.99999467125535e-001,-1.81314448337265e-004
4.62381021399265e+000	4.99999466359776e-001,-1.83413970348699e-004
4.67735141287203e+000	4.99999465576186e-001,-1.85537803878483e-004
4.73151258961485e+000	4.99999464774339e-001,-1.87686230249432e-004
4.78630092322643e+000	4.99999463953815e-001,-1.89859534266540e-004
4.84172367584104e+000	4.99999463114179e-001,-1.92058004032685e-004
4.89778819368451e+000	4.99999462254987e-001,-1.94281930986810e-004
4.95450190804795e+000	4.99999461375783e-001,-1.96531609276426e-004
5.01187233627277e+000	4.99999460476096e-001,-1.98807338239182e-004
5.06990708274709e+000	4.99999459555457e-001,-2.01109419111717e-004
5.12861383991370e+000	4.99999458613370e-001,-2.03438156179872e-004
5.18800038928966e+000	4.99999457649340e-001,-2.05793858373459e-004
5.24807460249778e+000	4.99999456662856e-001,-2.08176838863086e-004
5.30884444230994e+000	4.99999455653393e-001,-2.10587413547236e-004
5.37031796370258e+000	4.99999454620415e-001,-2.13025900205963e-004
5.43250331492439e+000	4.99999453563377e-001,-2.15492623650272e-004
5.49540873857630e+000	4.99999452481717e-001,-2.17987910435898e-004
5.55904257270409e+000	4.99999451374862e-001,-2.20512091349139e-004
5.62341325190355e+000	4.99999450242225e-001,-2.23065500562521e-004
5.68852930843847e+000	4.99999449083207e-001,-2.25648478121649e-004
5.75439937337163e+000	4.99999447897191e-001,-2.28261363550761e-004
5.82103217770877e+000	4.99999446683549e-001,-2.30904505446058e-004
5.88843655355595e+000	4.99999445441636e-001,-2.33578253083898e-004
5.95662143529017e+000	4.99999444170798e-001,-2.36282961796325e-004
6.02559586074364e+000	4.99999442870357e-001,-2.39018989687370e-004
6.09536897240176e+000	4.99999441539627e-001,-2.41786699012849e-004
6.16595001861489e+000	4.99999440177896e-001,-2.44586456672525e-004
6.23734835482426e+000	4.99999438784450e-001,-2.47418633814655e-004
6.30957344480200e+000	4.99999437358543e-001,-2.50283606440291e-004
6.38263486190556e+000	4.99999435899427e-001,-2.53181754120780e-004
6.45654229034662e+000	4.99999434406320e-001,-2.56113460270145e-004
6.53130552647479e+000	4.99999432878435e-001,-2.59079114083394e-004
6.60693448007603e+000	4.99999431314962e-001,-2.62079108700655e-004
6.68343917568622e+000	4.99999429715071e-001,-2.65113841592341e-004
6.76082975391989e+000	4.99999428077912e-001,-2.68183714722900e-004
6.83911647281437e+000	4.99999426402619e-001,-2.71289135603332e-004
6.91830970918944e+000	4.99999424688305e-001,-2.74430515013661e-004
6.99841996002281e+000	4.99999422934058e-001,-2.77608270832264e-004
7.07945784384146e+000	4.99999421138951e-001,-2.80822822650967e-004
7.16143410212910e+000	4.99999419302030e-001,-2.84074597715075e-004
7.24435960074998e+000	4.99999417422321e-001,-2.87364025650773e-004
7.32824533138912e+000	4.99999415498827e-001,-2.90691544073388e-004
7.41310241300926e+000	4.99999413530531e-001,-2.94057593316113e-004
7.49894209332465e+000	4.99999411516387e-001,-2.97462619264031e-004
7.58577575029193e+000	4.99999409455327e-001,-3.00907073635307e-004
7.67361489361828e+000	4.99999407346258e-001,-3.04391412930794e-004
7.76247116628701e+000	4.99999405188064e-001,-3.07916098938646e-004
7.85235634610081e+000	4.99999402979598e-001,-3.11481598684519e-004
7.94328234724291e+000	4.99999400719691e-001,-3.15088385603725e-004
8.03526122185627e+000	4.99999398407143e-001,-3.18736936717302e-004
8.12830516164109e+000	4.99999396040732e-001,-3.22427735692992e-004
8.22242649947081e+000	4.99999393619197e-001,-3.26161272909351e-004
8.31763771102681e+000	4.99999391141260e-001,-3.29938041634814e-004
8.41395141645205e+000	4.99999388605602e-001,-3.33758543422376e-004
8.51138038202387e+000	4.99999386010881e-001,-3.37623284623234e-004
8.60993752184611e+000	4.99999383355721e-001,-3.41532777564139e-004
8.70963589956092e+000	4.99999380638715e-001,-3.45487540282243e-004
8.81048873008025e+000	4.99999377858423e-001,-3.49488096704806e-004
8.91250938133757e+000	4.99999375013367e-001,-3.53534977495849e-004
9.01571137605968e+000	4.99999372102044e-001,-3.57628718905200e-004
9.12010839355921e+000	4.99999369122906e-001,-3.61769863505733e-004
9.22571427154775e+000	4.99999366074376e-001,-3.65958960709392e-004
9.33254300797003e+000	4.99999362954835e-001,-3.70196564730524e-004
9.44060876285936e+000	4.99999359762632e-001,-3.74483238434255e-004
9.54992586021448e+000	4.99999356496072e-001,-3.78819549192090e-004
9.66050878989826e+000	4.99999353153426e-001,-3.83206071843819e-004
9.77237220955824e+000	4.99999349732917e-001,-3.87643388440649e-004
9.88553094656952e+000	4.99999346232736e-001,-3.92132086212838e-004
1.00000000000001e+001	4.99999342651025e-001,-3.96672761089374e-004
1.01157945425991e+001	4.99999338985885e-001,-4.01266014446161e-004
1.02329299228077e+001	4.99999335235373e-001,-4.05912454851150e-004
1.03514216667936e+001	4.99999331397500e-001,-4.10612698367077e-004
1.04712854805091e+001	4.99999327470232e-001,-4.15367368633119e-004
1.05925372517730e+001	4.99999323451487e-001,-4.20177094838047e-004
1.07151930523762e+001	4.99999319339131e-001,-4.25042515245466e-004
1.08392691402122e+001	4.99999315130988e-001,-4.29964274502769e-004
1.09647819614320e+001	4.99999310824824e-001,-4.34943024947868e-004
1.10917481526242e+001	4.99999306418356e-001,-4.39979426695674e-004
1.12201845430198e+001	4.99999301909249e-001,-4.45074147170471e-004
1.13501081567233e+001	4.99999297295111e-001,-4.50227861638492e-004
1.14815362149690e+001	4.99999292573497e-001,-4.55441253186420e-004
1.16144861384036e+001	4.99999287741901e-001,-4.60715012811940e-004
1.17489755493955e+001	4.99999282797763e-001,-4.66049840070454e-004
1.18850222743704e+001	4.99999277738462e-001,-4.71446441280366e-004
1.20226443461743e+001	4.99999272561314e-001,-4.76905532503402e-004
1.21618600064639e+001	4.99999267263576e-001,-4.82427836530797e-004
1.23026877081240e+001	4.99999261842436e-001,-4.88014085754787e-004
1.24451461177140e+001	4.99999256295023e-001,-4.93665020822342e-004
1.25892541179419e+001	4.99999250618393e-001,-4.99381390955363e-004
1.27350308101668e+001	4.99999244809538e-001,-5.05163952939752e-004
1.28824955169315e+001	4.99999238865378e-001,-5.11013473834878e-004
1.30316677845232e+001	4.99999232782760e-001,-5.16930729132288e-004
1.31825673855643e+001	4.99999226558459e-001,-5.22916502913999e-004
1.33352143216334e+001	4.99999220189176e-001,-5.28971588289532e-004
1.34896288259167e+001	4.99999213671534e-001,-5.35096788722336e-004
1.36458313658895e+001	4.99999207002075e-001,-5.41292915083058e-004
1.38038426460291e+001	4.99999200177266e-001,-5.47560789476423e-004
1.39636836105596e+001	4.99999193193487e-001,-5.53901242185959e-004
1.41253754462278e+001	4.99999186047034e-001,-5.60315113671509e-004
1.42889395851113e+001	4.99999178734118e-001,-5.66803254403085e-004
1.44543977074595e+001	4.99999171250864e-001,-5.73366524140886e-004
1.46217717445674e+001	4.99999163593302e-001,-5.80005792770950e-004
1.47910838816823e+001	4.99999155757372e-001,-5.86721940364960e-004
1.49623565609446e+001	4.99999147738920e-001,-5.93515857518944e-004
1.51356124843623e+001	4.99999139533694e-001,-6.00388444194521e-004
1.53108746168206e+001	4.99999131137345e-001,-6.07340611503610e-004
1.54881661891251e+001	4.99999122545419e-001,-6.14373281052030e-004
1.56675107010817e+001	4.99999113753361e-001,-6.21487384950622e-004
1.58489319246114e+001	4.99999104756510e-001,-6.28683866216381e-004
1.60324539069007e+001	4.99999095550096e-001,-6.35963678730909e-004
1.62181009735896e+001	4.99999086129237e-001,-6.43327787422378e-004
1.64058977319957e+001	4.99999076488938e-001,-6.50777168115879e-004
1.65958690743759e+001	4.99999066624087e-001,-6.58312808662014e-004
1.67880401812259e+001	4.99999056529455e-001,-6.65935707457954e-004
1.69824365246177e+001	4.99999046199688e-001,-6.73646875245184e-004
1.71790838715762e+001	4.99999035629311e-001,-6.81447334022187e-004
1.73780082874941e+001	4.99999024812718e-001,-6.89338117457489e-004
1.75792361395872e+001	4.99999013744173e-001,-6.97320272081425e-004
1.77827941003895e+001	4.99999002417810e-001,-7.05394855259842e-004
1.79887091512882e+001	4.99998990827621e-001,-7.13562937610309e-004
1.81970085861002e+001	4.99998978967463e-001,-7.21825601811717e-004
1.84077200146899e+001	4.99998966831046e-001,-7.30183942858813e-004
1.86208713666290e+001	4.99998954411936e-001,-7.38639068762487e-004
1.88364908948983e+001	4.99998941703547e-001,-7.47192100252541e-004
1.90546071796328e+001	4.99998928699142e-001,-7.55844170870726e-004
1.92752491319097e+001	4.99998915391826e-001,-7.64596427565116e-004
1.94984459975808e+001	4.99998901774543e-001,-7.73450030287005e-004
1.97242273611489e+001	4.99998887840071e-001,-7.82406153032861e-004
1.99526231496892e+001	4.99998873581026e-001,-7.91465982056997e-004
2.01836636368160e+001	4.99998858989844e-001,-8.00630719137544e-004
2.04173794466957e+001	4.99998844058790e-001,-8.09901578460477e-004
2.06538015581057e+001	4.99998828779947e-001,-8.19279788945570e-004
2.08929613085408e+001	4.99998813145215e-001,-8.28766593743143e-004
2.11348903983669e+001	4.99998797146303e-001,-8.38363250343330e-004
2.13796208950227e+001	4.99998780774728e-001,-8.48071030798261e-004
2.16271852372706e+001	4.99998764021811e-001,-8.57891221613116e-004
2.18776162394959e+001	4.99998746878668e-001,-8.67825124638336e-004
2.21309470960568e+001	4.99998729336210e-001,-8.77874056298460e-004
2.23872113856838e+001	4.99998711385136e-001,-8.88039348932398e-004
2.26464430759310e+001	4.99998693015928e-001,-8.98322349637709e-004
2.29086765276782e+001	4.99998674218846e-001,-9.08724421781476e-004
2.31739464996852e+001	4.99998654983924e-001,-9.19246943737665e-004
2.34422881531997e+001	4.99998635300963e-001,-9.29891310346653e-004
2.37137370566170e+001	4.99998615159528e-001,-9.40658932433954e-004
2.39883291901954e+001	4.99998594548938e-001,-9.51551237552347e-004
2.42661009508246e+001	4.99998573458267e-001,-9.62569669005319e-004
2.45470891568508e+001	4.99998551876330e-001,-9.73715687481717e-004
2.48313310529562e+001	4.99998529791687e-001,-9.84990770194622e-004
2.51188643150963e+001	4.99998507192626e-001,-9.96396411909836e-004
2.54097270554935e+001	4.99998484067165e-001,-1.00793412422804e-003
2.57039578276891e+001	4.99998460403043e-001,-1.01960543631253e-003
2.60015956316532e+001	4.99998436187714e-001,-1.03141189553602e-003
2.63026799189543e+001	4.99998411408338e-001,-1.04335506627012e-003
2.66072505979886e+001	4.99998386051775e-001,-1.05543653203570e-003
2.69153480392697e+001	4.99998360104583e-001,-1.06765789399184e-003
2.72270130807797e+001	4.99998333553004e-001,-1.08002077195297e-003
2.75422870333822e+001	4.99998306382959e-001,-1.09252680482569e-003
2.78612116862983e+001	4.99998278580043e-001,-1.10517764990996e-003
2.81838293126451e+001	4.99998250129514e-001,-1.11797498439560e-003
2.85101826750397e+001	4.99998221016287e-001,-1.13092050419678e-003
2.88403150312667e+001	4.99998191224927e-001,-1.14401592534252e-003
2.91742701400123e+001	4.99998160739637e-001,-1.15726298376009e-003
2.95120922666645e+001	4.99998129544254e-001,-1.17066343492218e-003
2.98538261891802e+001	4.99998097622238e-001,-1.18421905527309e-003
3.01995172040208e+001	4.99998064956663e-001,-1.19793164140946e-003
3.05492111321558e+001	4.99998031530210e-001,-1.21180301098454e-003
3.09029543251366e+001	4.99997997325155e-001,-1.22583500269928e-003
3.12607936712402e+001	4.99997962323363e-001,-1.24002947618520e-003
3.16227766016845e+001	4.99997926506274e-001,-1.25438831294478e-003
3.19889510969147e+001	4.99997889854899e-001,-1.26891341635101e-003
3.23593656929635e+001	4.99997852349805e-001,-1.28360671148333e-003
3.27340694878845e+001	4.99997813971105e-001,-1.29847014588236e-003
3.31131121482598e+001	4.99997774698451e-001,-1.31350568966926e-003
3.34965439157835e+001	4.99997734511021e-001,-1.32871533569581e-003
3.38844156139210e+001	4.99997693387506e-001,-1.34410109997508e-003
3.42767786546458e+001	4.99997651306101e-001,-1.35966502186532e-003
3.46736850452539e+001	4.99997608244496e-001,-1.37540916417372e-003
3.50751873952576e+001	4.99997564179858e-001,-1.39133561381839e-003
3.54813389233583e+001	4.99997519088824e-001,-1.40744648168862e-003
3.58921934645013e+001	4.99997472947486e-001,-1.42374390331316e-003
3.63078054770109e+001	4.99997425731379e-001,-1.44023003864370e-003
3.67282300498093e+001	4.99997377415469e-001,-1.45690707303499e-003
3.71535229097181e+001	4.99997327974137e-001,-1.47377721681282e-003
3.75837404288453e+001	4.99997277381170e-001,-1.49084270603879e-003
3.80189396320570e+001	4.99997225609743e-001,-1.50810580269564e-003
3.84591782045362e+001	4.99997172632406e-001,-1.52556879493149e-003
3.89045144994289e+001	4.99997118421069e-001,-1.54323399730756e-003
3.93550075455786e+001	4.99997062946990e-001,-1.56110375121596e-003
3.98107170553506e+001	4.99997006180755e-001,-1.57918042535647e-003
4.02717034325468e+001	4.99996948092266e-001,-1.59746641549538e-003
4.07380277804122e+001	4.99996888650724e-001,-1.61596414547681e-003
4.12097519097340e+001	4.99996827824611e-001,-1.63467606690558e-003
4.16869383470345e+001	4.99996765581679e-001,-1.65360466005497e-003
4.21696503428592e+001	4.99996701888925e-001,-1.67275243372352e-003
4.26579518801603e+001	4.99996636712578e-001,-1.69212192578955e-003
4.31519076827775e+001	4.99996570018081e-001,-1.71171570365852e-003
4.36515832240176e+001	4.99996501770071e-001,-1.73153636432562e-003
4.41570447353323e+001	4.99996431932363e-001,-1.75158653488652e-003
4.46683592150974e+001	4.99996360467928e-001,-1.77186887285765e-003
4.51855944374933e+001	4.99996287338876e-001,-1.79238606636191e-003
4.57088189614886e+001	4.99996212506432e-001,-1.81314083498439e-003
4.62381021399271e+001	4.99996135930919e-001,-1.83413592954994e-003
4.67735141287209e+001	4.99996057571736e-001,-1.85537413279294e-003
4.73151258961492e+001	4.99995977387336e-001,-1.87685825964276e-003
4.78630092322650e+001	4.99995895335204e-001,-1.89859115779108e-003
4.84172367584111e+001	4.99995811371837e-001,-1.92057570759732e-003
4.89778819368458e+001	4.99995725452714e-001,-1.94281482296992e-003
4.95450190804802e+001	4.99995637532282e-001,-1.96531145158590e-003
5.01187233627284e+001	4.99995547563923e-001,-1.98806857511489e-003
5.06990708274717e+001	4.99995455499937e-001,-2.01108920983622e-003
5.12861383991377e+001	4.99995361291508e-001,-2.03437640688593e-003
5.18800038928974e+001	4.99995264888688e-001,-2.05793325281367e-003
5.24807460249785e+001	4.99995166240362e-001,-2.08176286990837e-003
5.30884444231001e+001	4.99995065294226e-001,-2.10586841643151e-003
5.37031796370266e+001	4.99994961996758e-001,-2.13025308742413e-003
5.43250331492447e+001	4.99994856293188e-001,-2.15492011485260e-003
5.49540873857638e+001	4.99994748127470e-001,-2.17987276803675e-003
5.55904257270417e+001	4.99994637442256e-001,-2.20511435423571e-003
5.62341325190363e+001	4.99994524178857e-001,-2.23064821886398e-003
5.68852930843856e+001	4.99994408277221e-001,-2.25647774625385e-003
5.75439937337171e+001	4.99994289675896e-001,-2.28260635979840e-003
5.82103217770886e+001	4.99994168311998e-001,-2.30903752252994e-003
5.88843655355604e+001	4.99994044121179e-001,-2.33577473766205e-003
5.95662143529025e+001	4.99993917037591e-001,-2.36282154883155e-003
6.02559586074373e+001	4.99993786993855e-001,-2.39018154073452e-003
6.09536897240185e+001	4.99993653921019e-001,-2.41785833973991e-003
6.16595001861498e+001	4.99993517748527e-001,-2.44585561393968e-003
6.23734835482435e+001	4.99993378404179e-001,-2.47417707407879e-003
6.30957344480209e+001	4.99993235814094e-001,-2.50282647382467e-003
6.38263486190565e+001	4.99993089902669e-001,-2.53180761016725e-003
6.45654229034672e+001	4.99992940592541e-001,-2.56112432426890e-003
6.53130552647489e+001	4.99992787804544e-001,-2.59078050159846e-003
6.60693448007613e+001	4.99992631457669e-001,-2.62078007268177e-003
6.68343917568632e+001	4.99992471469019e-001,-2.65112701353904e-003
6.76082975391999e+001	4.99992307753767e-001,-2.68182534618365e-003
6.83911647281447e+001	4.99992140225111e-001,-2.71287913918262e-003
6.91830970918954e+001	4.99991968794224e-001,-2.74429250838971e-003
6.99841996002292e+001	4.99991793370214e-001,-2.77606961694929e-003
7.07945784384156e+001	4.99991613860068e-001,-2.80821467659706e-003
7.16143410212921e+001	4.99991430168610e-001,-2.84073194751007e-003
7.24435960075009e+001	4.99991242198444e-001,-2.87362573932880e-003
7.32824533138923e+001	4.99991049849909e-001,-2.90690041157524e-003
7.41310241300937e+001	4.99990853021017e-001,-2.94056037421629e-003
7.49894209332476e+001	4.99990651607412e-001,-2.97461008828934e-003
7.58577575029204e+001	4.99990445502300e-001,-3.00905406647911e-003
7.67361489361840e+001	4.99990234596405e-001,-3.04389687365962e-003
7.76247116628713e+001	4.99990018777902e-001,-3.07914312755416e-003
7.85235634610093e+001	4.99989797932363e-001,-3.11479749947157e-003
7.94328234724303e+001	4.99989571942694e-001,-3.15086471456389e-003
8.03526122185639e+001	4.99989340689075e-001,-3.18734955286828e-003
8.12830516164121e+001	4.99989104048893e-001,-3.22425684970394e-003
8.22242649947094e+001	4.99988861896680e-001,-3.26159149629835e-003
8.31763771102694e+001	4.99988614104047e-001,-3.29935844060132e-003
8.41395141645218e+001	4.99988360539612e-001,-3.33756268769018e-003
8.51138038202400e+001	4.99988101068933e-001,-3.37620930077929e-003
8.60993752184624e+001	4.99987835554439e-001,-3.41530340148781e-003
8.70963589956105e+001	4.99987563855352e-001,-3.45485017094776e-003
8.81048873008038e+001	4.99987285827617e-001,-3.49485484993477e-003
8.91250938133770e+001	4.99987001323822e-001,-3.53532274022781e-003
9.01571137605982e+001	4.99986710193121e-001,-3.57625920472803e-003
9.12010839355935e+001	4.99986412281157e-001,-3.61766966854324e-003
9.22571427154789e+001	4.99986107429975e-001,-3.65955961949764e-003
9.33254300797017e+001	4.99985795477942e-001,-3.70193460905242e-003
9.44060876285950e+001	4.99985476259661e-001,-3.74480025269339e-003
9.54992586021463e+001	4.99985149605880e-001,-3.78816223118753e-003
9.66050878989841e+001	4.99984815343408e-001,-3.83202629084897e-003
9.77237220955838e+001	4.99984473295016e-001,-3.87639824453519e-003
9.88553094656967e+001	4.99984123279352e-001,-3.92128397248549e-003
1.00000000000003e+002	4.99983765110835e-001,-3.96668942286308e-003
1.01157945425993e+002	4.99983398599564e-001,-4.01262061265990e-003
1.02329299228078e+002	4.99983023551215e-001,-4.05908362867302e-003
1.03514216667937e+002	4.99982639766937e-001,-4.10608462795599e-003
1.04712854805093e+002	4.99982247043245e-001,-4.15362983899402e-003
1.05925372517732e+002	4.99981845171920e-001,-4.20172556213232e-003
1.07151930523764e+002	4.99981433939887e-001,-4.25037817086047e-003
1.08392691402123e+002	4.99981013129113e-001,-4.29959411228058e-003
1.09647819614322e+002	4.99980582516484e-001,-4.34937990815425e-003
1.10917481526243e+002	4.99980141873688e-001,-4.39974215567477e-003
1.12201845430200e+002	4.99979690967097e-001,-4.45068752843667e-003
1.13501081567235e+002	4.99979229557643e-001,-4.50222277722095e-003
1.14815362149692e+002	4.99978757400685e-001,-4.55435473096401e-003
1.16144861384038e+002	4.99978274245888e-001,-4.60709029757723e-003
1.17489755493956e+002	4.99977779837085e-001,-4.66043646492958e-003
1.18850222743705e+002	4.99977273912141e-001,-4.71440030170892e-003
1.20226443461745e+002	4.99976756202815e-001,-4.76898895848128e-003
1.21618600064640e+002	4.99976226434621e-001,-4.82420966850413e-003
1.23026877081242e+002	4.99975684326678e-001,-4.88006974869627e-003
1.24451461177142e+002	4.99975129591563e-001,-4.93657660068111e-003
1.25892541179420e+002	4.99974561935156e-001,-4.99373771168154e-003
1.27350308101670e+002	4.99973981056492e-001,-5.05156065561333e-003
1.28824955169317e+002	4.99973386647589e-001,-5.11005309393321e-003
1.30316677845234e+002	4.99972778393298e-001,-5.16922277677599e-003
1.31825673855645e+002	4.99972155971125e-001,-5.22907754397145e-003
1.33352143216336e+002	4.99971519051066e-001,-5.28962532604528e-003
1.34896288259169e+002	4.99970867295432e-001,-5.35087414520412e-003
1.36458313658897e+002	4.99970200358666e-001,-5.41283211651998e-003
1.38038426460293e+002	4.99969517887164e-001,-5.47550744891872e-003
1.39636836105598e+002	4.99968819519087e-001,-5.53890844631949e-003
1.41253754462280e+002	4.99968104884166e-001,-5.60304350862714e-003
1.42889395851115e+002	4.99967373603509e-001,-5.66792113301471e-003
1.44543977074597e+002	4.99966625289398e-001,-5.73354991486472e-003
1.46217717445676e+002	4.99965859545086e-001,-5.79993854899402e-003
1.47910838816825e+002	4.99965075964585e-001,-5.86709583081530e-003
1.49623565609448e+002	4.99964274132449e-001,-5.93503065747004e-003
1.51356124843625e+002	4.99963453623557e-001,-6.00375202899573e-003
1.53108746168208e+002	4.99962614002887e-001,-6.07326904949254e-003
1.54881661891253e+002	4.99961754825284e-001,-6.14359092840077e-003
1.56675107010820e+002	4.99960875635224e-001,-6.21472698163252e-003
1.58489319246116e+002	4.99959975966575e-001,-6.28668663289064e-003
1.60324539069009e+002	4.99959055342346e-001,-6.35947941479369e-003
1.62181009735898e+002	4.99958113274439e-001,-6.43311497022318e-003
1.64058977319959e+002	4.99957149263384e-001,-6.50760305356733e-003
1.65958690743761e+002	4.99956162798082e-001,-6.58295353202787e-003
1.67880401812261e+002	4.99955153355527e-001,-6.65917638683751e-003
1.69824365246180e+002	4.99954120400532e-001,-6.73628171473509e-003
1.71790838715764e+002	4.99953063385446e-001,-6.81427972910886e-003
1.73780082874943e+002	4.99951981749861e-001,-6.89318076149498e-003
1.75792361395875e+002	4.99950874920319e-001,-6.97299526284842e-003
1.77827941003898e+002	4.99949742310004e-001,-7.05373380491977e-003
1.79887091512885e+002	4.99948583318432e-001,-7.13540708173785e-003
1.81970085861004e+002	4.99947397331134e-001,-7.21802591093473e-003
1.84077200146901e+002	4.99946183719332e-001,-7.30160123512156e-003
1.86208713666293e+002	4.99944941839599e-001,-7.38614412349575e-003
1.88364908948986e+002	4.99943671033524e-001,-7.47166577318692e-003
1.90546071796331e+002	4.99942370627363e-001,-7.55817751064732e-003
1.92752491319100e+002	4.99941039931677e-001,-7.64569079335730e-003
1.94984459975811e+002	4.99939678240972e-001,-7.73421721113846e-003
1.97242273611492e+002	4.99938284833323e-001,-7.82376848780300e-003
1.99526231496894e+002	4.99936858969988e-001,-7.91435648258461e-003
2.01836636368163e+002	4.99935399895024e-001,-8.00599319180887e-003
2.04173794466960e+002	4.99933906834877e-001,-8.09869075041485e-003
2.06538015581060e+002	4.99932378997982e-001,-8.19246143352935e-003
2.08929613085411e+002	4.99930815574335e-001,-8.28731765810770e-003
2.11348903983672e+002	4.99929215735068e-001,-8.38327198459309e-003
2.13796208950230e+002	4.99927578632007e-001,-8.48033711852126e-003
2.16271852372709e+002	4.99925903397227e-001,-8.57852591218580e-003
2.18776162394962e+002	4.99924189142588e-001,-8.67785136636726e-003
2.21309470960571e+002	4.99922434959265e-001,-8.77832663198434e-003
2.23872113856841e+002	4.99920639917268e-001,-8.87996501189619e-003
2.26464430759313e+002	4.99918803064945e-001,-8.98277996256466e-003
2.29086765276785e+002	4.99916923428485e-001,-9.08678509588542e-003
2.31739464996856e+002	4.99915000011394e-001,-9.19199418089690e-003
2.34422881532000e+002	4.99913031793971e-001,-9.29842114569661e-003
2.37137370566173e+002	4.99911017732768e-001,-9.40608007918360e-003
2.39883291901957e+002	4.99908956760035e-001,-9.51498523287358e-003
2.42661009508250e+002	4.99906847783157e-001,-9.62515102289095e-003
2.45470891568511e+002	4.99904689684070e-001,-9.73659203172511e-003
2.48313310529565e+002	4.99902481318673e-001,-9.84932301024057e-003
2.51188643150966e+002	4.99900221516222e-001,-9.96335887952447e-003
2.54097270554939e+002	4.99897909078706e-001,-1.00787147329052e-002
2.57039578276895e+002	4.99895542780214e-001,-1.01954058379063e-002
2.60015956316536e+002	4.99893121366286e-001,-1.03134476381975e-002
2.63026799189547e+002	4.99890643553247e-001,-1.04328557557050e-002
2.66072505979890e+002	4.99888108027529e-001,-1.05536459925550e-002
2.69153480392701e+002	4.99885513444972e-001,-1.06758343332190e-002
2.72270130807801e+002	4.99882858430113e-001,-1.07994369465422e-002
2.75422870333826e+002	4.99880141575459e-001,-1.09244701878926e-002
2.78612116862987e+002	4.99877361440738e-001,-1.10509506012681e-002
2.81838293126455e+002	4.99874516552138e-001,-1.11788949214759e-002
2.85101826750401e+002	4.99871605401524e-001,-1.13083200763218e-002
2.88403150312671e+002	4.99868626445645e-001,-1.14392431887825e-002
2.91742701400127e+002	4.99865578105305e-001,-1.15716815792510e-002
2.95120922666649e+002	4.99862458764540e-001,-1.17056527678172e-002
2.98538261891806e+002	4.99859266769749e-001,-1.18411744765246e-002
3.01995172040212e+002	4.99856000428828e-001,-1.19782646316776e-002
3.05492111321562e+002	4.99852658010268e-001,-1.21169413661768e-002
3.09029543251370e+002	4.99849237742238e-001,-1.22572230218737e-002
3.12607936712407e+002	4.99845737811648e-001,-1.23991281519862e-002
3.16227766016849e+002	4.99842156363189e-001,-1.25426755234434e-002
3.19889510969151e+002	4.99838491498348e-001,-1.26878841193778e-002
3.23593656929640e+002	4.99834741274403e-001,-1.28347731415897e-002
3.27340694878850e+002	4.99830903703394e-001,-1.29833620130038e-002
3.31131121482603e+002	4.99826976751071e-001,-1.31336703801945e-002
3.34965439157840e+002	4.99822958335815e-001,-1.32857181159563e-002
3.38844156139215e+002	4.99818846327536e-001,-1.34395253218578e-002
3.42767786546463e+002	4.99814638546543e-001,-1.35951123308573e-002
3.46736850452544e+002	4.99810332762395e-001,-1.37524997099064e-002
3.50751873952581e+002	4.99805926692710e-001,-1.39117082626616e-002
3.54813389233588e+002	4.99801418001967e-001,-1.40727590321036e-002
3.58921934645018e+002	4.99796804300261e-001,-1.42356733033142e-002
3.63078054770114e+002	4.99792083142041e-001,-1.44004726061962e-002
3.67282300498098e+002	4.99787252024813e-001,-1.45671787182403e-002
3.71535229097186e+002	4.99782308387816e-001,-1.47358136673814e-002
3.75837404288458e+002	4.99777249610667e-001,-1.49063997347566e-002
3.80189396320575e+002	4.99772073011968e-001,-1.50789594576433e-002
3.84591782045368e+002	4.99766775847894e-001,-1.52535156323587e-002
3.89045144994295e+002	4.99761355310733e-001,-1.54300913171146e-002
3.93550075455792e+002	4.99755808527403e-001,-1.56087098350556e-002
3.98107170553512e+002	4.99750132557930e-001,-1.57893947772538e-002
4.02717034325474e+002	4.99744324393892e-001,-1.59721700056514e-002
4.07380277804128e+002	4.99738380956822e-001,-1.61570596562496e-002
4.12097519097345e+002	4.99732299096584e-001,-1.63440881420524e-002
4.16869383470351e+002	4.99726075589703e-001,-1.65332801563069e-002
4.21696503428598e+002	4.99719707137657e-001,-1.67246606756243e-002
4.26579518801609e+002	4.99713190365130e-001,-1.69182549631379e-002
4.31519076827781e+002	4.99706521818230e-001,-1.71140885717762e-002
4.36515832240182e+002	4.99699697962655e-001,-1.73121873474974e-002
4.41570447353329e+002	4.99692715181826e-001,-1.75125774325684e-002
4.46683592150980e+002	4.99685569774972e-001,-1.77152852689148e-002
4.51855944374939e+002	4.99678257955168e-001,-1.79203376014874e-002
4.57088189614892e+002	4.99670775847335e-001,-1.81277614816401e-002
4.62381021399278e+002	4.99663119486187e-001,-1.83375842705738e-002
4.67735141287216e+002	4.99655284814134e-001,-1.85498336427945e-002
4.73151258961498e+002	4.99647267679130e-001,-1.87645375896372e-002
4.78630092322656e+002	4.99639063832481e-001,-1.89817244227807e-002
4.84172367584118e+002	4.99630668926596e-001,-1.92014227778583e-002
4.89778819368465e+002	4.99622078512684e-001,-1.94236616180318e-002
4.95450190804809e+002	4.99613288038401e-001,-1.96484702376812e-002
5.01187233627291e+002	4.99604292845443e-001,-1.98758782660635e-002
5.06990708274724e+002	4.99595088167079e-001,-2.01059156710684e-002
5.12861383991384e+002	4.99585669125633e-001,-2.03386127629217e-002
5.18800038928981e+002	4.99576030729898e-001,-2.05740001980753e-002
5.24807460249793e+002	4.99566167872500e-001,-2.08121089829852e-002
5.30884444231009e+002	4.99556075327196e-001,-2.10529704780025e-002
5.37031796370273e+002	4.99545747746108e-001,-2.12966164012943e-002
5.43250331492454e+002	4.99535179656897e-001,-2.15430788328003e-002
5.49540873857646e+002	4.99524365459867e-001,-2.17923902182390e-002
5.55904257270425e+002	4.99513299425002e-001,-2.20445833731189e-002
5.62341325190371e+002	4.99501975688941e-001,-2.22996914868337e-002
5.68852930843864e+002	4.99490388251874e-001,-2.25577481267552e-002
5.75439937337179e+002	4.99478530974369e-001,-2.28187872424347e-002
5.82103217770894e+002	4.99466397574129e-001,-2.30828431697429e-002
5.88843655355612e+002	4.99453981622668e-001,-2.33499506351245e-002
5.95662143529034e+002	4.99441276541916e-001,-2.36201447598938e-002
6.02559586074381e+002	4.99428275600738e-001,-2.38934610645348e-002
6.09536897240193e+002	4.99414971911379e-001,-2.41699354730502e-002
6.16595001861506e+002	4.99401358425822e-001,-2.44496043173891e-002
6.23734835482444e+002	4.99387427932066e-001,-2.47325043418616e-002
6.30957344480218e+002	4.99373173050312e-001,-2.50186727076190e-002
6.38263486190574e+002	4.99358586229064e-001,-2.53081469972216e-002
6.45654229034681e+002	4.99343659741141e-001,-2.56009652191323e-002
6.53130552647498e+002	4.99328385679592e-001,-2.58971658123942e-002
6.60693448007622e+002	4.99312755953523e-001,-2.61967876512341e-002
6.68343917568641e+002	4.99296762283819e-001,-2.64998700497731e-002
6.76082975392009e+002	4.99280396198772e-001,-2.68064527667618e-002
6.83911647281457e+002	4.99263649029611e-001,-2.71165760103316e-002
6.91830970918964e+002	4.99246511905918e-001,-2.74302804428586e-002
6.99841996002302e+002	4.99228975750950e-001,-2.77476071857707e-002
7.07945784384166e+002	4.99211031276843e-001,-2.80685978244971e-002
7.16143410212931e+002	4.99192668979709e-001,-2.83932944133772e-002
7.24435960075019e+002	4.99173879134621e-001,-2.87217394806638e-002
7.32824533138934e+002	4.99154651790479e-001,-2.90539760335571e-002
7.41310241300948e+002	4.99134976764758e-001,-2.93900475632617e-002
7.49894209332486e+002	4.99114843638135e-001,-2.97299980501145e-002
7.58577575029214e+002	4.99094241748993e-001,-3.00738719687242e-002
7.67361489361850e+002	4.99073160187792e-001,-3.04217142931762e-002
7.76247116628723e+002	4.99051587791318e-001,-3.07735705022807e-002
7.85235634610104e+002	4.99029513136793e-001,-3.11294865848372e-002
7.94328234724314e+002	4.99006924535852e-001,-3.14895090449600e-002
8.03526122185650e+002	4.98983810028376e-001,-3.18536849074524e-002
8.12830516164133e+002	4.98960157376192e-001,-3.22220617231901e-002
8.22242649947105e+002	4.98935954056614e-001,-3.25946875745864e-002
8.31763771102705e+002	4.98911187255850e-001,-3.29716110810577e-002
8.41395141645230e+002	4.98885843862238e-001,-3.33528814045646e-002
8.51138038202412e+002	4.98859910459351e-001,-3.37385482551578e-002
8.60993752184636e+002	4.98833373318910e-001,-3.41286618966074e-002
8.70963589956117e+002	4.98806218393570e-001,-3.45232731520137e-002
8.81048873008051e+002	4.98778431309507e-001,-3.49224334095094e-002
8.91250938133782e+002	4.98749997358854e-001,-3.53261946279710e-002
9.01571137605994e+002	4.98720901491955e-001,-3.57346093427693e-002
9.12010839355948e+002	4.98691128309441e-001,-3.61477306715773e-002
9.22571427154802e+002	4.98660662054126e-001,-3.65656123201734e-002
9.33254300797030e+002	4.98629486602710e-001,-3.69883085883244e-002
9.44060876285963e+002	4.98597585457297e-001,-3.74158743756787e-002
9.54992586021476e+002	4.98564941736714e-001,-3.78483651877040e-002
9.66050878989854e+002	4.98531538167633e-001,-3.82858371416274e-002
9.77237220955852e+002	4.98497357075482e-001,-3.87283469724692e-002
9.88553094656980e+002	4.98462380375155e-001,-3.91759520390423e-002
1.00000000000004e+003	4.98426589561502e-001,-3.96287103300298e-002
1.01157945425994e+003	4.98389965699603e-001,-4.00866804700528e-002
1.02329299228080e+003	4.98352489414816e-001,-4.05499217258146e-002
1.03514216667939e+003	4.98314140882600e-001,-4.10184940122200e-002
1.04712854805094e+003	4.98274899818096e-001,-4.14924578985510e-002
1.05925372517733e+003	4.98234745465478e-001,-4.19718746146738e-002
1.07151930523765e+003	4.98193656587056e-001,-4.24568060572278e-002
1.08392691402125e+003	4.98151611452122e-001,-4.29473147959004e-002
1.09647819614323e+003	4.98108587825546e-001,-4.34434640796563e-002
1.10917481526245e+003	4.98064562956115e-001,-4.39453178430208e-002
1.12201845430201e+003	4.98019513564593e-001,-4.44529407123855e-002
1.13501081567236e+003	4.97973415831510e-001,-4.49663980123132e-002
1.14815362149693e+003	4.97926245384682e-001,-4.54857557718507e-002
1.16144861384039e+003	4.97877977286428e-001,-4.60110807308741e-002
1.17489755493958e+003	4.97828586020505e-001,-4.65424403464353e-002
1.18850222743707e+003	4.97778045478739e-001,-4.70799027990986e-002
1.20226443461746e+003	4.97726328947354e-001,-4.76235369993139e-002
1.21618600064642e+003	4.97673409092982e-001,-4.81734125937587e-002
1.23026877081243e+003	4.97619257948360e-001,-4.87295999717057e-002
1.24451461177144e+003	4.97563846897689e-001,-4.92921702713824e-002
1.25892541179422e+003	4.97507146661671e-001,-4.98611953863188e-002
1.27350308101672e+003	4.97449127282195e-001,-5.04367479716891e-002
1.28824955169319e+003	4.97389758106677e-001,-5.10189014506428e-002
1.30316677845236e+003	4.97329007772038e-001,-5.16077300206328e-002
1.31825673855646e+003	4.97266844188323e-001,-5.22033086597049e-002
1.33352143216338e+003	4.97203234521940e-001,-5.28057131327922e-002
1.34896288259171e+003	4.97138145178522e-001,-5.34150199979579e-002
1.36458313658898e+003	4.97071541785393e-001,-5.40313066126350e-002
1.38038426460295e+003	4.97003389173635e-001,-5.46546511398257e-002
1.39636836105600e+003	4.96933651359755e-001,-5.52851325542546e-002
1.41253754462282e+003	4.96862291526922e-001,-5.59228306485028e-002
1.42889395851117e+003	4.96789272005789e-001,-5.65678260390755e-002
1.44543977074599e+003	4.96714554254870e-001,-5.72202001724400e-002
1.46217717445678e+003	4.96638098840474e-001,-5.78800353310087e-002
1.47910838816827e+003	4.96559865416189e-001,-5.85474146390461e-002
1.49623565609450e+003	4.96479812701888e-001,-5.92224220685274e-002
1.51356124843627e+003	4.96397898462276e-001,-5.99051424449318e-002
1.53108746168210e+003	4.96314079484932e-001,-6.05956614529508e-002
1.54881661891255e+003	4.96228311557870e-001,-6.12940656421231e-002
1.56675107010822e+003	4.96140549446580e-001,-6.20004424323857e-002
1.58489319246118e+003	4.96050746870557e-001,-6.27148801195176e-002
1.60324539069011e+003	4.95958856479299e-001,-6.34374678805050e-002
1.62181009735900e+003	4.95864829827756e-001,-6.41682957787935e-002
1.64058977319961e+003	4.95768617351235e-001,-6.49074547694140e-002
1.65958690743763e+003	4.95670168339734e-001,-6.56550367040150e-002
1.67880401812264e+003	4.95569430911694e-001,-6.64111343357360e-002
1.69824365246182e+003	4.95466351987168e-001,-6.71758413239754e-002
1.71790838715767e+003	4.95360877260379e-001,-6.79492522389965e-002
1.73780082874945e+003	4.95252951171669e-001,-6.87314625663754e-002
1.75792361395877e+003	4.95142516878808e-001,-6.95225687113103e-002
1.77827941003900e+003	4.95029516227669e-001,-7.03226680027390e-002
1.79887091512887e+003	4.94913889722241e-001,-7.11318586972753e-002
1.81970085861007e+003	4.94795576493969e-001,-7.19502399829810e-002
1.84077200146904e+003	4.94674514270412e-001,-7.27779119828954e-002
1.86208713666295e+003	4.94550639343199e-001,-7.36149757583906e-002
1.88364908948989e+003	4.94423886535265e-001,-7.44615333122831e-002
1.90546071796333e+003	4.94294189167365e-001,-7.53176875917116e-002
1.92752491319102e+003	4.94161479023836e-001,-7.61835424907771e-002
1.94984459975813e+003	4.94025686317597e-001,-7.70592028529125e-002
1.97242273611494e+003	4.93886739654371e-001,-7.79447744729795e-002
1.99526231496897e+003	4.93744565996116e-001,-7.88403640990953e-002
2.01836636368165e+003	4.93599090623645e-001,-7.97460794341296e-002
2.04173794466962e+003	4.93450237098408e-001,-8.06620291369146e-002
2.06538015581062e+003	4.93297927223443e-001,-8.15883228231063e-002
2.08929613085414e+003	4.93142081003456e-001,-8.25250710657024e-002
2.11348903983674e+003	4.92982616604017e-001,-8.34723853952044e-002
2.13796208950233e+003	4.92819450309869e-001,-8.44303782993894e-002
2.16271852372712e+003	4.92652496482306e-001,-8.53991632226903e-002
2.18776162394965e+003	4.92481667515623e-001,-8.63788545651521e-002
2.21309470960574e+003	4.92306873792607e-001,-8.73695676809748e-002
2.23872113856844e+003	4.92128023639055e-001,-8.83714188765592e-002
2.26464430759316e+003	4.91945023277297e-001,-8.93845254081279e-002
2.29086765276788e+003	4.91757776778699e-001,-9.04090054788072e-002
2.31739464996859e+003	4.91566186015142e-001,-9.14449782352109e-002
2.34422881532003e+003	4.91370150609430e-001,-9.24925637634829e-002
2.37137370566177e+003	4.91169567884635e-001,-9.35518830847586e-002
2.39883291901960e+003	4.90964332812331e-001,-9.46230581500590e-002
2.42661009508253e+003	4.90754337959717e-001,-9.57062118345438e-002
2.45470891568515e+003	4.90539473435593e-001,-9.68014679311426e-002
2.48313310529569e+003	4.90319626835171e-001,-9.79089511435036e-002
2.51188643150970e+003	4.90094683183699e-001,-9.90287870782534e-002
2.54097270554942e+003	4.89864524878874e-001,-1.00161102236519e-001
2.57039578276898e+003	4.89629031632023e-001,-1.01306024004699e-001
2.60015956316539e+003	4.89388080408021e-001,-1.02463680644444e-001
2.63026799189551e+003	4.89141545363934e-001,-1.03634201281810e-001
2.66072505979894e+003	4.88889297786348e-001,-1.04817715895561e-001
2.69153480392704e+003	4.88631206027377e-001,-1.06014355304570e-001
2.72270130807804e+003	4.88367135439305e-001,-1.07224251154302e-001
2.75422870333830e+003	4.88096948307854e-001,-1.08447535902326e-001
2.78612116862990e+003	4.87820503784043e-001,-1.09684342802821e-001
2.81838293126459e+003	4.87537657814617e-001,-1.10934805890030e-001
2.85101826750404e+003	4.87248263071013e-001,-1.12199059960636e-001
2.88403150312674e+003	4.86952168876847e-001,-1.13477240555001e-001
2.91742701400131e+003	4.86649221133886e-001,-1.14769483937221e-001
2.95120922666653e+003	4.86339262246484e-001,-1.16075927073971e-001
2.98538261891810e+003	4.86022131044452e-001,-1.17396707612066e-001
3.01995172040216e+003	4.85697662704337e-001,-1.18731963854697e-001
3.05492111321566e+003	4.85365688669078e-001,-1.20081834736303e-001
3.09029543251374e+003	4.85026036566023e-001,-1.21446459796009e-001
3.12607936712411e+003	4.84678530123256e-001,-1.22825979149568e-001
3.16227766016853e+003	4.84322989084238e-001,-1.24220533459789e-001
3.19889510969155e+003	4.83959229120704e-001,-1.25630263905328e-001
3.23593656929644e+003	4.83587061743808e-001,-1.27055312147840e-001
3.27340694878854e+003	4.83206294213473e-001,-1.28495820297393e-001
3.31131121482607e+003	4.82816729445933e-001,-1.29951930876085e-001
3.34965439157844e+003	4.82418165919429e-001,-1.31423786779807e-001
3.38844156139219e+003	4.82010397578025e-001,-1.32911531238062e-001
3.42767786546467e+003	4.81593213733529e-001,-1.34415307771777e-001
3.46736850452549e+003	4.81166398965488e-001,-1.35935260149036e-001
3.50751873952585e+003	4.80729733019214e-001,-1.37471532338647e-001
3.54813389233593e+003	4.80282990701837e-001,-1.39024268461457e-001
3.58921934645023e+003	4.79825941776333e-001,-1.40593612739352e-001
3.63078054770119e+003	4.79358350853519e-001,-1.42179709441823e-001
3.67282300498103e+003	4.78879977281978e-001,-1.43782702830042e-001
3.71535229097191e+003	4.78390575035878e-001,-1.45402737098317e-001
3.75837404288463e+003	4.77889892600688e-001,-1.47039956312871e-001
3.80189396320580e+003	4.77377672856721e-001,-1.48694504347800e-001
3.84591782045373e+003	4.76853652960525e-001,-1.50366524818146e-001
3.89045144994300e+003	4.76317564224056e-001,-1.52056161009955e-001
3.93550075455797e+003	4.75769131991636e-001,-1.53763555807213e-001
3.98107170553517e+003	4.75208075514660e-001,-1.55488851615543e-001
4.02717034325479e+003	4.74634107824027e-001,-1.57232190282558e-001
4.07380277804133e+003	4.74046935600282e-001,-1.58993713014729e-001
4.12097519097351e+003	4.73446259041434e-001,-1.60773560290649e-001
4.16869383470356e+003	4.72831771728446e-001,-1.62571871770570e-001
4.21696503428603e+003	4.72203160488364e-001,-1.64388786202051e-001
4.26579518801614e+003	4.71560105255066e-001,-1.66224441321616e-001
4.31519076827787e+003	4.70902278927630e-001,-1.68078973752237e-001
4.36515832240188e+003	4.70229347226287e-001,-1.69952518896516e-001
4.41570447353335e+003	4.69540968545955e-001,-1.71845210825405e-001
4.46683592150986e+003	4.68836793807338e-001,-1.73757182162300e-001
4.51855944374945e+003	4.68116466305583e-001,-1.75688563962347e-001
4.57088189614898e+003	4.67379621556484e-001,-1.77639485586781e-001
4.62381021399284e+003	4.66625887140220e-001,-1.79610074572136e-001
4.67735141287222e+003	4.65854882542640e-001,-1.81600456494122e-001
4.73151258961504e+003	4.65066218994070e-001,-1.83610754825997e-001
4.78630092322663e+003	4.64259499305664e-001,-1.85641090791229e-001
4.84172367584124e+003	4.63434317703287e-001,-1.87691583210246e-001
4.89778819368471e+003	4.62590259658945e-001,-1.89762348341069e-001
4.95450190804815e+003	4.61726901719766e-001,-1.91853499713606e-001
5.01187233627298e+003	4.60843811334551e-001,-1.93965147957391e-001
5.06990708274730e+003	4.59940546677899e-001,-1.96097400622531e-001
5.12861383991391e+003	4.59016656471946e-001,-1.98250361993623e-001
5.18800038928988e+003	4.58071679805726e-001,-2.00424132896397e-001
5.24807460249800e+003	4.57105145952180e-001,-2.02618810496835e-001
5.30884444231016e+003	4.56116574182863e-001,-2.04834488092492e-001
5.37031796370280e+003	4.55105473580375e-001,-2.07071254895760e-001
5.43250331492461e+003	4.54071342848562e-001,-2.09329195808781e-001
5.49540873857653e+003	4.53013670120529e-001,-2.11608391189739e-001
5.55904257270432e+003	4.51931932764536e-001,-2.13908916610214e-001
5.62341325190378e+003	4.50825597187823e-001,-2.16230842603294e-001
5.68852930843871e+003	4.49694118638434e-001,-2.18574234402141e-001
5.75439937337187e+003	4.48536941005125e-001,-2.20939151668659e-001
5.82103217770902e+003	4.47353496615420e-001,-2.23325648211944e-001
5.88843655355620e+003	4.46143206031922e-001,-2.25733771696161e-001
5.95662143529042e+003	4.44905477846971e-001,-2.28163563337476e-001
6.02559586074389e+003	4.43639708475747e-001,-2.30615057589691e-001
6.09536897240201e+003	4.42345281947951e-001,-2.33088281818174e-001
6.16595001861514e+003	4.41021569698175e-001,-2.35583255961716e-001
6.23734835482452e+003	4.39667930355113e-001,-2.38099992181866e-001
6.30957344480226e+003	4.38283709529741e-001,-2.40638494499375e-001
6.38263486190582e+003	4.36868239602642e-001,-2.43198758417254e-001
6.45654229034690e+003	4.35420839510645e-001,-2.45780770530052e-001
6.53130552647507e+003	4.33940814532954e-001,-2.48384508118852e-001
6.60693448007631e+003	4.32427456076973e-001,-2.51009938731536e-001
6.68343917568650e+003	4.30880041464039e-001,-2.53657019747797e-001
6.76082975392018e+003	4.29297833715290e-001,-2.56325697928429e-001
6.83911647281466e+003	4.27680081337912e-001,-2.59015908948336e-001
6.91830970918973e+003	4.26026018112026e-001,-2.61727576912749e-001
6.99841996002311e+003	4.24334862878499e-001,-2.64460613856076e-001
7.07945784384176e+003	4.22605819327967e-001,-2.67214919222837e-001
7.16143410212940e+003	4.20838075791405e-001,-2.69990379330065e-001
7.24435960075029e+003	4.19030805032560e-001,-2.72786866810601e-001
7.32824533138943e+003	4.17183164042633e-001,-2.75604240036626e-001
7.41310241300957e+003	4.15294293837577e-001,-2.78442342522815e-001
7.49894209332496e+003	4.13363319258430e-001,-2.81301002308432e-001
7.58577575029225e+003	4.11389348775107e-001,-2.84180031317695e-001
7.67361489361860e+003	4.09371474294136e-001,-2.87079224697708e-001
7.76247116628734e+003	4.07308770970795e-001,-2.89998360133232e-001
7.85235634610114e+003	4.05200297026210e-001,-2.92937197137564e-001
7.94328234724324e+003	4.03045093569933e-001,-2.95895476318755e-001
8.03526122185661e+003	4.00842184428610e-001,-2.98872918620372e-001
8.12830516164143e+003	3.98590575981349e-001,-3.01869224536012e-001
8.22242649947116e+003	3.96289257002449e-001,-3.04884073296731e-001
8.31763771102716e+003	3.93937198512194e-001,-3.07917122030524e-001
8.41395141645241e+003	3.91533353636442e-001,-3.10968004892989e-001
8.51138038202423e+003	3.89076657475797e-001,-3.14036332168274e-001
8.60993752184648e+003	3.86566026985185e-001,-3.17121689339361e-001
8.70963589956128e+003	3.84000360864722e-001,-3.20223636126761e-001
8.81048873008062e+003	3.81378539462781e-001,-3.23341705494604e-001
8.91250938133794e+003	3.78699424692258e-001,-3.26475402623161e-001
9.01571137606006e+003	3.75961859961045e-001,-3.29624203846716e-001
9.12010839355960e+003	3.73164670117827e-001,-3.32787555555769e-001
9.22571427154814e+003	3.70306661414340e-001,-3.35964873062448e-001
9.33254300797043e+003	3.67386621485314e-001,-3.39155539428021e-001
9.44060876285976e+003	3.64403319347390e-001,-3.42358904251361e-001
9.54992586021489e+003	3.61355505418360e-001,-3.45574282417178e-001
9.66050878989867e+003	3.58241911558174e-001,-3.48800952802801e-001
9.77237220955865e+003	3.55061251133218e-001,-3.52038156942271e-001
9.88553094656994e+003	3.51812219105459e-001,-3.55285097646469e-001
1.00000000000006e+004	3.48493492148145e-001,-3.58540937577954e-001
1.01157945425996e+004	3.45103728789835e-001,-3.61804797779177e-001
1.02329299228081e+004	3.41641569588626e-001,-3.65075756152685e-001
1.03514216667940e+004	3.38105637338561e-001,-3.68352845891881e-001
1.04712854805096e+004	3.34494537310292e-001,-3.71635053860906e-001
1.05925372517735e+004	3.30806857528209e-001,-3.74921318922127e-001
1.07151930523767e+004	3.27041169086338e-001,-3.78210530209696e-001
1.08392691402126e+004	3.23196026505468e-001,-3.81501525347607e-001
1.09647819614325e+004	3.19269968134067e-001,-3.84793088610623e-001
1.10917481526246e+004	3.15261516595733e-001,-3.88083949026399e-001
1.12201845430203e+004	3.11169179286022e-001,-3.91372778417103e-001
1.13501081567238e+004	3.06991448921707e-001,-3.94658189378748e-001
1.14815362149695e+004	3.02726804145643e-001,-3.97938733196433e-001
1.16144861384041e+004	2.98373710190631e-001,-4.01212897693627e-001
1.17489755493960e+004	2.93930619605825e-001,-4.04479105013560e-001
1.18850222743709e+004	2.89395973049470e-001,-4.07735709330739e-001
1.20226443461748e+004	2.84768200151913e-001,-4.10980994490551e-001
1.21618600064644e+004	2.80045720453125e-001,-4.14213171574829e-001
1.23026877081245e+004	2.75226944419154e-001,-4.17430376391204e-001
1.24451461177146e+004	2.70310274542219e-001,-4.20630666883981e-001
1.25892541179424e+004	2.65294106529430e-001,-4.23812020464208e-001
1.27350308101673e+004	2.60176830585389e-001,-4.26972331256521e-001
1.28824955169321e+004	2.54956832794277e-001,-4.30109407260233e-001
1.30316677845237e+004	2.49632496607348e-001,-4.33220967422093e-001
1.31825673855648e+004	2.44202204442115e-001,-4.36304638617968e-001
1.33352143216340e+004	2.38664339399936e-001,-4.39357952540665e-001
1.34896288259173e+004	2.33017287109079e-001,-4.42378342490907e-001
1.36458313658900e+004	2.27259437700863e-001,-4.45363140068446e-001
1.38038426460296e+004	2.21389187926924e-001,-4.48309571760055e-001
1.39636836105602e+004	2.15404943426224e-001,-4.51214755421088e-001
1.41253754462284e+004	2.09305121150981e-001,-4.54075696647066e-001
1.42889395851119e+004	2.03088151961376e-001,-4.56889285031622e-001
1.44543977074601e+004	1.96752483399549e-001,-4.59652290306937e-001
1.46217717445680e+004	1.90296582654191e-001,-4.62361358362592e-001
1.47910838816829e+004	1.83718939727870e-001,-4.65013007138604e-001
1.49623565609452e+004	1.77018070820148e-001,-4.67603622388107e-001
1.51356124843630e+004	1.70192521940546e-001,-4.70129453305008e-001
1.53108746168212e+004	1.63240872766578e-001,-4.72586608011613e-001
1.54881661891257e+004	1.56161740763240e-001,-4.74971048901015e-001
1.56675107010824e+004	1.48953785581766e-001,-4.77278587828758e-001
1.58489319246121e+004	1.41615713756946e-001,-4.79504881147998e-001
1.60324539069014e+004	1.34146283723985e-001,-4.81645424582138e-001
1.62181009735902e+004	1.26544311177737e-001,-4.83695547928612e-001
1.64058977319964e+004	1.18808674799247e-001,-4.85650409587235e-001
1.65958690743766e+004	1.10938322376806e-001,-4.87504990906278e-001
1.67880401812266e+004	1.02932277351340e-001,-4.89254090339212e-001
1.69824365246184e+004	9.47896458187772e-002,-4.90892317404846e-001
1.71790838715769e+004	8.65096240252874e-002,-4.92414086443495e-001
1.73780082874948e+004	7.80915063948409e-002,-4.93813610161691e-001
1.75792361395880e+004	6.95346941325413e-002,-4.95084892958066e-001
1.77827941003903e+004	6.08387044516605e-002,-4.96221724023137e-001
1.79887091512889e+004	5.20031804773098e-002,-4.97217670206121e-001
1.81970085861009e+004	4.30279018852604e-002,-4.98066068642440e-001
1.84077200146906e+004	3.39127963406850e-002,-4.98760019136433e-001
1.86208713666298e+004	2.46579518085747e-002,-4.99292376294949e-001
1.88364908948991e+004	1.52636298153772e-002,-4.99655741409155e-001
1.90546071796336e+004	5.73027975011245e-003,-4.99842454083978e-001
1.92752491319105e+004	-3.94144569707458e-003,-4.99844583617470e-001
1.94984459975816e+004	-1.37506738501696e-002,-4.99653920135925e-001
1.97242273611497e+004	-2.36962939955682e-002,-4.99261965495216e-001
1.99526231496900e+004	-3.37769378292742e-002,-4.98659923964553e-001
2.01836636368168e+004	-4.39909582541261e-002,-4.97838692716098e-001
2.04173794466965e+004	-5.43364063618477e-002,-4.96788852152824e-001
2.06538015581065e+004	-6.48110064167289e-002,-4.95500656118041e-001
2.08929613085416e+004	-7.54121286379978e-002,-4.93964022043557e-001
2.11348903983677e+004	-8.61367595563479e-002,-4.92168521110020e-001
2.13796208950236e+004	-9.69814696965818e-002,-4.90103368513059e-001
2.16271852372715e+004	-1.07942378312892e-001,-4.87757413953272e-001
2.18776162394968e+004	-1.19015114875971e-001,-4.85119132497477e-001
2.21309470960577e+004	-1.30194776981995e-001,-4.82176615994027e-001
2.23872113856847e+004	-1.41475884322787e-001,-4.78917565267358e-001
2.26464430759319e+004	-1.52852328324485e-001,-4.75329283367551e-001
2.29086765276791e+004	-1.64317317029248e-001,-4.71398670210930e-001
2.31739464996862e+004	-1.75863314761727e-001,-4.67112219019160e-001
2.34422881532006e+004	-1.87481976090228e-001,-4.62456015048796e-001
2.37137370566180e+004	-1.99164073562938e-001,-4.57415737202686e-001
2.39883291901963e+004	-2.10899418674302e-001,-4.51976663231371e-001
2.42661009508256e+004	-2.22676775497835e-001,-4.46123679368930e-001
2.45470891568518e+004	-2.34483766412558e-001,-4.39841295406326e-001
2.48313310529572e+004	-2.46306769354739e-001,-4.33113666388743e-001
2.51188643150973e+004	-2.58130806049790e-001,-4.25924622334477e-001
2.54097270554946e+004	-2.69939420727238e-001,-4.18257707614233e-001
2.57039578276902e+004	-2.81714548902555e-001,-4.10096231903380e-001
2.60015956316543e+004	-2.93436375932726e-001,-4.01423334927555e-001
2.63026799189554e+004	-3.05083185229576e-001,-3.92222067564601e-001
2.66072505979897e+004	-3.16631196259904e-001,-3.82475492242297e-001
2.69153480392708e+004	-3.28054392790972e-001,-3.72166805978616e-001
2.72270130807808e+004	-3.39324342273247e-001,-3.61279489843052e-001
2.75422870333833e+004	-3.50410007811533e-001,-3.49797489063446e-001
2.78612116862994e+004	-3.61277554885616e-001,-3.37705428446439e-001
2.81838293126463e+004	-3.71890155869262e-001,-3.24988868197602e-001
2.85101826750408e+004	-3.82207796490014e-001,-3.11634605586373e-001
2.88403150312678e+004	-3.92187089699642e-001,-2.97631028156164e-001
2.91742701400135e+004	-4.01781104011301e-001,-2.82968524272420e-001
2.95120922666657e+004	-4.10939215222736e-001,-2.67639956654872e-001
2.98538261891814e+004	-4.19606992592118e-001,-2.51641204059833e-001
3.01995172040220e+004	-4.27726132952137e-001,-2.34971775348496e-001
3.05492111321570e+004	-4.35234458899318e-001,-2.17635498661774e-001
3.09029543251378e+004	-4.42066000000642e-001,-1.99641286166794e-001
3.12607936712415e+004	-4.48151178788218e-001,-1.81003971678217e-001
3.16227766016857e+004	-4.53417125968481e-001,-1.61745214221322e-001
3.19889510969160e+004	-4.57788151477947e-001,-1.41894455142498e-001
3.23593656929648e+004	-4.61186399403172e-001,-1.21489909579020e-001
3.27340694878858e+004	-4.63532714879186e-001,-1.00579564946209e-001
3.31131121482612e+004	-4.64747749324748e-001,-7.92221496847520e-002
3.34965439157848e+004	-4.64753326126945e-001,-5.74880251138365e-002
3.38844156139224e+004	-4.63474081485971e-001,-3.54599423761111e-002
3.42767786546472e+004	-4.60839383954071e-001,-1.32335959519748e-002
3.46736850452553e+004	-4.56785520788312e-001,9.08210379250146e-003
3.50751873952590e+004	-4.51258119425163e-001,3.13651226023473e-002
3.54813389233598e+004	-4.44214748488618e-001,5.34808437761388e-002
3.58921934645028e+004	-4.35627615724699e-001,7.52831386709878e-002
3.63078054770124e+004	-4.25486251870200e-001,9.66160322027572e-002
3.67282300498108e+004	-4.13800042331507e-001,1.17316005817147e-001
3.71535229097196e+004	-4.00600446085177e-001,1.37214946623710e-001
3.75837404288468e+004	-3.85942727374476e-001,1.56143707955508e-001
3.80189396320585e+004	-3.69907024601604e-001,1.73936195800184e-001
3.84591782045378e+004	-3.52598595754658e-001,1.90433841337275e-001
3.89045144994305e+004	-3.34147112842299e-001,2.05490267800647e-001
3.93550075455802e+004	-3.14704929089432e-001,2.18975916732507e-001
3.98107170553522e+004	-2.94444309353652e-001,2.30782371260548e-001
4.02717034325484e+004	-2.73553690833741e-001,2.40826108182685e-001
4.07380277804138e+004	-2.52233119764990e-001,2.49051430038845e-001
4.12097519097356e+004	-2.30689081173134e-001,2.55432373415625e-001
4.16869383470362e+004	-2.09128993718093e-001,2.59973457172920e-001
4.21696503428609e+004	-1.87755672730474e-001,2.62709217293973e-001
4.26579518801620e+004	-1.66762067367293e-001,2.63702564269472e-001
4.31519076827793e+004	-1.46326551991428e-001,2.63042083915571e-001
4.36515832240194e+004	-1.26609001056483e-001,2.60838473592664e-001
4.41570447353341e+004	-1.07747807924183e-001,2.57220355543279e-001
4.46683592150992e+004	-8.98579301221002e-002,2.52329733496402e-001
4.51855944374951e+004	-7.30299659264736e-002,2.46317357525763e-001
4.57088189614904e+004	-5.73301980747565e-002,2.39338238501772e-001
4.62381021399290e+004	-4.28014859003565e-002,2.31547512876403e-001
4.67735141287228e+004	-2.94648504997357e-002,2.23096807745245e-001
4.73151258961511e+004	-1.73215792185980e-002,2.14131201921324e-001
4.78630092322669e+004	-6.35567405317378e-003,2.04786826975906e-001
4.84172367584130e+004	3.46351974297204e-003,1.95189107171174e-001
4.89778819368478e+004	1.21786474543190e-002,1.85451601513489e-001
4.95450190804822e+004	1.98417572126331e-002,1.75675385754784e-001
5.01187233627305e+004	2.65118785841094e-002,1.65948896716017e-001
5.06990708274737e+004	3.22528277792912e-002,1.56348154554082e-001
5.12861383991398e+004	3.71312752589942e-002,1.46937278803324e-001
5.18800038928995e+004	4.12150908896568e-002,1.37769219306704e-001
5.24807460249806e+004	4.45719655579563e-002,1.28886631722223e-001
5.30884444231023e+004	4.72682962047365e-002,1.20322837614138e-001
5.37031796370287e+004	4.93683131666427e-002,1.12102820007268e-001
5.43250331492468e+004	5.09334239223165e-002,1.04244215821771e-001
5.49540873857660e+004	5.20217451654109e-002,9.67582762431090e-002
5.55904257270440e+004	5.26877949224955e-002,8.96507744963030e-002
5.62341325190386e+004	5.29823176205077e-002,8.29228475558536e-002
5.68852930843878e+004	5.29522170981107e-002,7.65717640397516e-002
5.75439937337194e+004	5.26405751595877e-002,7.05916150026352e-002
5.82103217770909e+004	5.20867360945440e-002,6.49739277038709e-002
5.88843655355627e+004	5.13264404206654e-002,5.97082048469546e-002
5.95662143529049e+004	5.03919938080507e-002,5.47823934348138e-002
6.02559586074397e+004	4.93124596246684e-002,5.01832884185406e-002
6.09536897240209e+004	4.81138657568761e-002,4.58968768746316e-002
6.16595001861523e+004	4.68194182899398e-002,4.19086286475095e-002
6.23734835482460e+004	4.54497162845805e-002,3.82037393388996e-002
6.30957344480235e+004	4.40229632731929e-002,3.47673312930470e-002
6.38263486190591e+004	4.25551722474153e-002,3.15846178791375e-002
6.45654229034698e+004	4.10603618445763e-002,2.86410359571385e-002
6.53130552647515e+004	3.95507421924132e-002,2.59223509659459e-002
6.60693448007640e+004	3.80368894665844e-002,2.34147386186249e-002
6.68343917568659e+004	3.65279086791207e-002,2.11048467462997e-002
6.76082975392027e+004	3.50315845707106e-002,1.89798404115072e-002
6.83911647281475e+004	3.35545207454703e-002,1.70274330206681e-002
6.91830970918982e+004	3.21022673806961e-002,1.52359058074973e-002
6.99841996002320e+004	3.06794379805231e-002,1.35941177360227e-002
7.07945784384185e+004	2.92898157335319e-002,1.20915075831195e-002
7.16143410212950e+004	2.79364500901664e-002,1.07180897046682e-002
7.24435960075038e+004	2.66217442045276e-002,9.46444476452998e-003
7.32824533138953e+004	2.53475338933272e-002,8.32170650902428e-003
7.41310241300967e+004	2.41151587578256e-002,7.28154549884297e-003
7.49894209332506e+004	2.29255260966682e-002,6.33615056269535e-003
7.58577575029235e+004	2.17791682119935e-002,5.47820860987488e-003
7.67361489361870e+004	2.06762936805971e-002,4.70088332994927e-003
7.76247116628744e+004	1.96168331282945e-002,3.99779321466310e-003
7.85235634610125e+004	1.86004800104415e-002,3.36298925787312e-003
7.94328234724335e+004	1.76267268659700e-002,2.79093262207494e-003
8.03526122185671e+004	1.66948974771198e-002,2.27647250320143e-003
8.12830516164154e+004	1.58041753328736e-002,1.81482437743175e-003
8.22242649947127e+004	1.49536287613480e-002,1.40154877348410e-003
8.31763771102727e+004	1.41422330653208e-002,1.03253068016865e-003
8.41395141645252e+004	1.33688899658470e-002,7.03959670889555e-004
8.51138038202434e+004	1.26324446315990e-002,4.12310803475893e-004
8.60993752184659e+004	1.19317005461886e-002,1.54326334471763e-004
8.70963589956140e+004	1.12654324422551e-002,-7.30017287904183e-005
8.81048873008074e+004	1.06323975094752e-002,-2.72448227903592e-004
8.91250938133806e+004	1.00313450637904e-002,-4.46570604891729e-004
9.01571137606018e+004	9.46102484696344e-003,-5.97723813877825e-004
9.12010839355972e+004	8.92019410896155e-003,-7.28074407909394e-004
9.22571427154826e+004	8.40762361052029e-003,-8.39613821105243e-004
9.33254300797055e+004	7.92210266946233e-003,-9.34170870238144e-004
9.44060876285988e+004	7.46244336182576e-003,-1.01342350280562e-003
9.54992586021501e+004	7.02748397749959e-003,-1.07890982073831e-003
9.66050878989880e+004	6.61609181977301e-003,-1.13203841029876e-003
9.77237220955878e+004	6.22716542889155e-003,-1.17409800955643e-003
9.88553094657007e+004	5.85963630129270e-003,-1.20626654519293e-003
1.00000000000007e+005	5.51247016858726e-003,-1.22961957038196e-003
1.01157945425997e+005	5.18466789348868e-003,-1.24513813517633e-003
1.02329299228082e+005	4.87526603370292e-003,-1.25371612028206e-003
1.03514216667942e+005	4.58333711921447e-003,-1.25616706435866e-003
1.04712854805097e+005	4.30798968338345e-003,-1.25323051409984e-003
1.05925372517736e+005	4.04836808375162e-003,-1.24557792535578e-003
1.07151930523768e+005	3.80365214439494e-003,-1.23381814248799e-003
1.08392691402128e+005	3.57305664801263e-003,-1.21850248202435e-003
1.09647819614326e+005	3.35583070266941e-003,-1.20012944552762e-003
1.10917481526248e+005	3.15125700517095e-003,-1.17914908542076e-003
1.12201845430204e+005	2.95865102042210e-003,-1.15596704634187e-003
1.13501081567239e+005	2.77736009376098e-003,-1.13094830344089e-003
1.14815362149696e+005	2.60676251115554e-003,-1.10442061788810e-003
1.16144861384042e+005	2.44626652026498e-003,-1.07667772874887e-003
1.17489755493961e+005	2.29530932368771e-003,-1.04798229929434e-003
1.18850222743710e+005	2.15335605421771e-003,-1.01856863476812e-003
1.20226443461750e+005	2.01989874059517e-003,-9.88645187618635e-004
1.21618600064645e+005	1.89445527104928e-003,-9.58396865235691e-004
1.23026877081247e+005	1.77656836087479e-003,-9.27987154301294e-004
1.24451461177147e+005	1.66580452934702e-003,-8.97560074978050e-004
1.25892541179426e+005	1.56175309045051e-003,-8.67241977314626e-004
1.27350308101675e+005	1.46402516116226e-003,-8.37143191446064e-004
1.28824955169322e+005	1.37225269038281e-003,-8.07359542406787e-004
1.30000000000000e+005	1.30384611143241e-003,-7.84146984194661e-004
